55556797 0.000
62576543 0.998
44995738 0.000
173507028 0.000
123568195 0.000
270946460 0.000
279322914 0.060
349272936 0.000
383604399 0.004
29585482 0.000
339765781 0.072
3586575 0.521
140696967 0.995
146053793 0.000
145600475 0.000
71152519 0.779
82298241 0.110
93993866 0.094
82293182 0.559
118167253 0.000
267898817 0.000
146406929 0.045
60137019 0.133
80911360 0.002
20042499 0.080
312026036 0.027
341791142 0.000
270489638 0.390
45535631 0.000
77844797 0.123
364398062 0.020
32055773 0.085
181353997 0.000
75393984 0.000
144811384 0.000
384551790 0.000
122501841 0.000
238026906 0.000
140988470 0.023
122501804 0.000
141605814 0.001
4600427 0.315
80719511 0.090
340174710 0.002
238634560 0.000
148929390 0.461
89941490 0.000
198076849 0.222
294783586 0.105
237974129 0.000
461772176 0.786
383283790 0.000
348787043 0.033
175519792 0.000
384031469 0.002
350442586 0.000
140845168 0.028
173509975 0.004
192481720 0.001
384347402 0.000
143266898 0.007
5362024 0.061
391634769 0.000
25712246 0.000
393620279 0.087
139748539 0.019
81950084 0.266
55142667 0.000
121953348 0.000
81419842 0.090
191952283 0.000
121808142 0.030
355461957 0.000
75394008 0.000
290891932 0.003
404934276 0.001
391902265 0.286
173644013 0.000
41169662 0.000
401307071 0.002
294733332 0.252
75394044 0.000
183664167 0.186
141502859 0.010
176489539 0.103
76266344 0.001
380034460 0.000
268763480 0.001
167089390 0.000
343098449 0.028
150431451 0.000
277767641 0.145
59759791 0.081
291552860 0.884
173507026 0.000
174794330 0.000
238098897 0.001
4499878 0.107
191019298 0.311
95672410 0.000
277767643 0.006
149497540 0.000
319559310 0.000
76336736 0.130
238098911 0.001
191281921 0.000
355664290 0.000
131246129 0.000
242080858 0.001
123756408 0.000
30483798 0.000
143920529 0.001
277696460 0.092
410210849 0.010
82298411 0.502
437147474 0.006
341791169 0.000
122414432 0.000
174204029 0.615
184542007 0.438
30483819 0.001
286063461 0.000
75394003 0.000
11387950 0.064
380034440 0.000
94105671 0.069
300708025 0.218
383519075 0.000
262718890 0.037
349648336 0.001
279248894 0.000
122258916 0.782
60609647 0.091
308450079 0.000
344024304 0.000
18880125 0.000
28647604 0.001
391713110 0.667
170226357 0.173
59728316 0.000
134288136 0.000
238951644 0.000
153847213 0.023
80911378 0.001
419152650 0.000
447951411 0.056
134196519 0.000
307848865 0.377
355375916 0.000
30381717 0.000
310382011 0.000
445655642 0.013
182416545 0.000
174794325 0.001
175256671 0.000
3586644 0.413
140238062 0.000
191275488 0.059
122496268 0.000
124001492 0.000
179509652 0.135
184237424 0.006
139791487 0.000
123560598 0.000
294392902 0.000
341791135 0.000
300327485 0.001
400749267 0.001
182226713 0.000
260709556 0.000
45053308 0.000
174789854 0.009
131424871 0.077
11223294 0.375
154168740 0.000
349305592 0.000
13625247 0.193
130617748 0.227
323657664 0.037
388626179 0.035
184722091 0.000
38469787 0.000
45295788 0.059
75885202 0.000
118832800 0.204
156540622 0.762
118075523 0.003
143446785 0.257
268599180 0.000
77094473 0.008
75394026 0.000
82805757 0.000
154360562 0.001
123438428 0.024
118542098 0.000
391551933 0.000
445325363 0.003
4969296 0.808
174146146 0.000
124001506 0.000
309289190 0.000
309559834 0.037
30481952 0.000
294329901 0.002
89702193 0.005
167089385 0.000
123106730 0.000
132324100 0.000
90037151 0.045
290590428 0.311
339675323 0.003
80404834 0.032
190124322 0.000
75581763 0.318
231741043 0.001
348839212 0.000
231593710 0.595
269480916 0.001
309790692 0.080
332561581 0.000
80262920 0.102
173823804 0.259
173644032 0.000
130949502 0.000
81717336 0.032
279574371 0.001
75394011 0.000
340137646 0.001
132365214 0.707
45535639 0.000
419144487 0.005
123568228 0.000
344843767 0.735
32057374 0.000
181000849 0.000
383185920 0.168
82371101 0.000
350447083 0.000
40973334 0.000
75473807 0.001
133482383 0.003
140156728 0.007
145925737 0.025
285520063 0.000
445517838 0.004
332631688 0.002
45536205 0.000
278860957 0.001
122501846 0.000
149462250 0.000
153660479 0.003
150394442 0.045
167554519 0.000
285625418 0.000
445330456 0.000
118167260 0.000
59759773 0.125
260708271 0.000
31273553 0.402
311989259 0.340
323525920 0.101
51620478 0.000
355773961 0.000
134547400 0.000
4969295 0.003
59759781 0.080
45467610 0.000
149792676 0.014
289709156 0.014
311991652 0.011
81098005 0.716
391889261 0.000
184606709 0.364
238713172 0.091
283883204 0.003
93380548 0.000
74884189 0.049
279569704 0.033
184227427 0.095
74280756 0.218
90297155 0.004
323522834 0.737
62475240 0.014
29798976 0.000
29585509 0.000
130295975 0.000
184405214 0.397
17543119 0.000
118460289 0.029
130417136 0.000
342168306 0.000
354931876 0.004
114296593 0.060
355461933 0.000
130960126 0.007
255636170 0.000
294159203 0.000
309778580 0.000
134288145 0.000
52027923 0.129
145713529 0.000
355773937 0.000
173376445 0.001
380437263 0.365
192055334 0.000
45535605 0.000
238026918 0.000
358508507 0.000
238064747 0.001
184323795 0.232
126798251 0.001
142050157 0.000
149497534 0.000
55650470 0.520
122029087 0.000
255548694 0.525
307571183 0.013
89400662 0.001
133338947 0.123
279956133 0.136
192175209 0.001
308612817 0.066
139791507 0.000
341488398 0.125
56796498 0.000
134522319 0.002
192300413 0.096
25383872 0.000
173376452 0.001
190495734 0.049
291555651 0.000
132091226 0.000
46847985 0.034
265440312 0.317
198076756 0.000
167749773 0.000
118411699 0.000
45150279 0.001
384347386 0.000
260659573 0.000
191484984 0.006
145719260 0.000
140361897 0.000
122414385 0.000
355664237 0.000
275358169 0.122
25455970 0.034
238669575 0.000
146885031 0.055
309792228 0.000
147290054 0.000
341791157 0.000
80472203 0.119
140006368 0.001
269761735 0.044
355968350 0.447
38827878 0.000
237974121 0.000
306577424 0.000
20042410 0.098
130519011 0.975
94184659 0.000
75637167 0.002
134524403 0.002
31492182 0.004
344840667 0.664
31489908 0.002
445325351 0.003
340632776 0.000
309289200 0.000
82123019 0.029
382907743 0.000
173376472 0.001
139936579 0.000
75394086 0.000
19087935 0.523
277698016 0.090
279213555 0.000
290468173 0.565
134173303 0.000
131848449 0.007
283307961 0.685
377016517 0.170
1522808 0.003
93719891 0.001
145249928 0.000
231742999 0.028
28710962 0.029
183347438 0.664
96175130 0.009
81100649 0.000
134396869 0.000
177018607 0.000
179444928 0.212
308986686 0.000
355278041 0.000
308608001 0.000
277770876 0.131
310208063 0.088
149462237 0.000
141289016 0.099
275249556 0.503
377016411 0.364
29341425 0.000
175469954 0.005
238636226 0.000
238137419 0.000
19684256 0.042
410206354 0.050
144713428 0.000
173749810 0.007
238064741 0.000
59759818 0.145
141713380 0.000
156323846 0.113
174662405 0.083
181353980 0.000
183731507 0.676
339733673 0.128
300038902 0.000
25383898 0.000
130512718 0.004
238137436 0.000
130619430 0.012
31972401 0.000
82361249 0.005
311989258 0.106
307570737 0.000
319433500 0.000
238335853 0.003
148788091 0.001
153344130 0.969
167653222 0.000
271032182 0.000
400759268 0.045
118261853 0.000
258058323 0.000
455305265 0.506
55142703 0.000
384550715 0.018
118571516 0.060
354825378 0.088
401854563 0.000
384095275 0.000
167699047 0.212
345036538 0.001
94184710 0.001
277099925 0.458
286151818 0.002
445517267 0.000
175073564 0.000
283504785 0.753
140031753 0.055
238333951 0.256
129796068 0.061
267332554 0.906
75580188 0.000
89707845 0.000
123936292 0.092
355970794 0.001
447909704 0.000
31066372 0.000
231528650 0.137
2963034 0.022
309792227 0.000
54925948 0.122
139789117 0.000
287323410 0.000
150614098 0.000
203328611 0.027
280871972 0.001
80404799 0.033
141605799 0.000
56094154 0.000
38216061 0.038
80404856 0.030
75400669 0.000
140062102 0.003
81791183 0.001
76417336 0.043
18007711 0.000
75570639 0.000
185162003 0.000
268592661 0.288
238894576 0.458
380034450 0.000
386538488 0.219
181430220 0.027
180658785 0.000
186392171 0.050
150956415 0.369
260503161 0.088
185026120 0.012
45535607 0.000
238044375 0.000
271799558 0.873
284847014 0.007
186544053 0.019
269338536 0.727
284841287 0.000
287323400 0.000
153438516 0.009
180732112 0.000
405347773 0.022
177018598 0.000
184258041 0.001
382805159 0.000
33834919 0.002
74378984 0.001
79695372 0.177
238561710 0.000
89622919 0.000
17893418 0.005
181000857 0.000
132235034 0.000
385094000 0.024
80900707 0.000
238128895 0.047
191282280 0.073
238931403 0.073
309066724 0.005
277797908 0.562
175519841 0.000
25712236 0.000
355458259 0.044
93267221 0.000
134173278 0.000
260843924 0.000
14280655 0.152
74882599 0.016
167089377 0.000
154604238 0.039
141446431 0.000
147676027 0.022
153921254 0.001
277533592 0.342
340459424 0.195
238098916 0.001
76266251 0.000
113738236 0.000
92659353 0.010
53117027 0.000
3521649 0.000
231617687 0.917
299897992 0.000
45185390 0.000
181073003 0.000
145239099 0.001
260656155 0.000
294324811 0.015
40973339 0.001
2960688 0.072
332630584 0.041
18702953 0.093
167554509 0.000
