229154156 0.000
441490586 0.544
12419951 0.000
9053355 0.405
149346430 0.003
9053485 0.533
9072973 0.000
140528827 0.000
441053643 0.087
328009414 0.068
401840196 0.000
69818052 0.876
204315106 0.139
146364204 0.013
289577794 0.066
255701053 0.012
8999712 0.000
309654626 0.000
441489557 0.469
204391993 0.650
340704070 0.000
214664822 0.343
52013883 0.085
469916792 0.031
228463546 0.311
219993116 0.040
270269364 0.214
69839232 0.179
419008590 0.044
439398309 0.000
204328424 0.083
382464273 0.000
206283627 0.000
204391726 0.270
47388927 0.089
229088842 0.009
237915523 0.000
183642453 0.043
101948831 0.032
169766573 0.555
62439817 0.964
5797089 0.076
66468077 0.074
9067822 0.134
89434734 0.455
188594447 0.054
38806538 0.005
251829469 0.078
9158215 0.243
201254383 0.000
326523722 0.150
2836122 0.067
169763838 0.035
402340527 0.437
2733170 0.139
326527029 0.188
270672275 0.015
188544134 0.890
66466883 0.252
382454136 0.032
115443902 0.435
9146170 0.021
183584047 0.002
69856802 0.815
9051815 0.095
149104516 0.235
47425662 0.211
434101232 0.071
5633398 0.091
228508561 0.927
144335634 0.000
238199965 0.007
183585395 0.002
206362634 0.130
270377198 0.168
49646112 0.007
49677930 0.122
115943758 0.077
234302973 0.001
234339324 0.000
117548035 0.577
138707404 0.632
198009290 0.000
9108783 0.030
33910455 0.081
31533144 0.013
431481288 0.758
326477596 0.096
40514073 0.077
9791352 0.087
9000265 0.112
66398130 0.000
33732791 0.032
38827878 0.000
200724658 0.002
419052281 0.040
326479712 0.405
214663452 0.562
301861778 0.195
370228561 0.030
89544153 0.000
199734784 0.041
137769318 0.050
70858140 0.188
228382081 0.183
254290802 0.225
69889462 0.074
5739241 0.105
326445919 0.153
299896708 0.359
281573523 0.039
5634734 0.873
146163551 0.070
350344997 0.001
188592956 0.158
5640171 0.560
137769174 0.023
69815112 0.010
101949517 0.017
137773038 0.046
246820617 0.069
369714874 0.000
9165543 0.138
402046257 0.068
183802782 0.000
388179723 0.000
9633455 0.602
237910557 0.004
394701275 0.100
389570182 0.105
9055802 0.032
444153994 0.045
406405175 0.658
204320256 0.302
434102331 0.012
355789316 0.006
434098672 0.217
431380167 0.793
251860645 0.128
138707258 0.810
415969184 0.000
166803082 0.043
246860304 0.003
201254381 0.000
24706760 0.002
33984076 0.093
49675196 0.745
66376190 0.004
370327037 0.317
183533546 0.257
262040699 0.432
70723528 0.000
188580030 0.264
47356165 0.143
5631616 0.443
80432160 0.001
211437063 0.109
231011899 0.001
404966456 0.001
188594049 0.140
47467659 0.047
2762160 0.163
117547612 0.649
207139471 0.025
289592227 0.813
69858323 0.076
260708271 0.000
228464926 0.891
51914141 0.483
9166347 0.014
8999162 0.268
5632954 0.083
349269725 0.000
279648870 0.001
188597903 0.829
399572665 0.002
220018894 0.000
169767451 0.656
9051822 0.250
201292881 0.000
111716756 0.125
224224484 0.000
364589506 0.027
231301538 0.000
9789076 0.151
204314838 0.191
49675542 0.490
281779297 0.024
12434045 0.337
31511164 0.067
8995514 0.873
5653395 0.951
38458616 0.001
421976617 0.118
180723518 0.080
114792954 0.256
142084867 0.000
188572855 0.693
146163598 0.205
207110037 0.002
234508527 0.000
204290875 0.068
12787414 0.000
9067633 0.020
117549044 0.130
204295428 0.233
201798940 0.001
214657881 0.026
20880899 0.032
5727204 0.157
115445314 0.001
425933368 0.000
388200387 0.000
229157300 0.003
69841620 0.078
114808616 0.078
70774973 0.000
434110562 0.000
92130787 0.129
9179529 0.134
47388578 0.055
204315641 0.469
204375902 0.001
206621455 0.000
228508822 0.350
313888306 0.392
404934212 0.000
155895287 0.009
50382764 0.000
388200444 0.010
10002480902 0.000
183586829 0.000
399571792 0.063
5655299 0.707
12417749 0.328
136886831 0.420
419009682 0.068
65259834 0.051
406403894 0.052
27955879 0.093
220563679 0.007
47467752 0.019
434099738 0.138
294670957 0.025
257720857 0.068
434103612 0.127
141545115 0.054
316912637 0.000
206283280 0.329
69926049 0.813
117547938 0.596
136886320 0.000
206622740 0.092
160147818 0.000
31108507 0.011
228383577 0.616
444152932 0.270
146799144 0.107
434098696 0.388
149497463 0.028
396720161 0.262
204389377 0.620
169767993 0.193
376987266 0.195
141605799 0.001
33770215 0.000
326526687 0.591
5610926 0.750
31798066 0.001
39071006 0.001
5726035 0.382
219988684 0.568
240810474 0.047
89543974 0.238
220390236 0.039
270187643 0.002
117546012 0.030
402313450 0.441
251858014 0.002
47505164 0.600
441055276 0.399
389567843 0.002
204319882 0.464
69841209 0.229
70744265 0.172
137773027 0.766
431589519 0.000
402313507 0.001
179440946 0.087
167125054 0.001
69744781 0.000
89545255 0.330
382473796 0.002
47294904 0.011
229093192 0.000
155990172 0.001
287537678 0.000
169763948 0.212
214657494 0.107
49619817 0.411
27964918 0.219
9143336 0.041
49736161 0.247
206363771 0.000
55559135 0.003
111751135 0.879
166787856 0.115
391888477 0.222
389754026 0.133
12358894 0.000
423612105 0.056
220391730 0.001
404934276 0.000
179242335 0.050
228613132 0.200
201286340 0.000
137768256 0.275
246891134 0.324
350030424 0.050
141766513 0.000
111750219 0.040
270461271 0.782
272316802 0.000
9176392 0.104
180724519 0.313
31268128 0.126
270409597 0.076
9699986 0.118
370327081 0.034
146581162 0.089
4582465 0.110
69888758 0.098
419010744 0.033
33717352 0.001
120566004 0.002
89503564 0.653
66471572 0.000
92138667 0.398
69856502 0.001
12822189 0.161
228571152 0.352
228508466 0.061
204318472 0.070
238876214 0.047
419051751 0.223
69812069 0.009
165880389 0.107
214664812 0.075
201353228 0.000
5656153 0.390
355508699 0.000
111223392 0.159
8937781 0.118
92139102 0.013
114913351 0.355
166765030 0.001
188627535 0.037
140891590 0.006
224273415 0.617
419051756 0.135
25155280 0.095
9030325 0.500
423610839 0.027
89529692 0.220
146579321 0.441
281638858 0.000
152086753 0.213
47466352 0.032
358105277 0.000
311085189 0.006
9177292 0.130
12420226 0.658
197884431 0.000
206503437 0.003
5778105 0.463
389754028 0.335
25078582 0.371
183587818 0.000
434100315 0.082
402130407 0.000
207176755 0.007
146165386 0.069
402325664 0.210
228508819 0.112
139285669 0.000
66471358 0.164
2761505 0.229
419010686 0.743
102086060 0.011
89434668 0.427
39080549 0.021
380824670 0.050
80289569 0.024
188578692 0.061
40973334 0.000
188592423 0.069
65257531 0.042
139327428 0.003
204325803 0.277
206365235 0.076
52402812 0.002
396721588 0.000
89525441 0.060
49529566 0.498
197788558 0.001
201286348 0.000
183529462 0.281
111752697 0.555
391889261 0.000
49785372 0.070
306508102 0.002
358158159 0.109
5778256 0.353
5795576 0.678
114860798 0.848
136886250 0.185
66439082 0.077
92137813 0.264
69763342 0.805
204329231 0.317
270314434 0.000
92136247 0.682
39048880 0.006
201252114 0.000
63697294 0.046
55555246 0.000
142084865 0.000
89501072 0.496
20897736 0.022
8938730 0.044
49689972 0.267
30033176 0.028
204351645 0.183
9664646 0.381
198077533 0.085
9029987 0.890
5656274 0.004
326452639 0.863
204351908 0.098
12787796 0.055
259974868 0.000
389436393 0.001
116880362 0.067
426012834 0.037
66441167 0.031
69925368 0.119
389925335 0.037
309700609 0.021
251887274 0.082
307439602 0.000
114793647 0.145
40274167 0.002
358105194 0.076
40272664 0.156
47554027 0.077
355493872 0.034
188619205 0.336
5741686 0.137
300240946 0.000
38825446 0.004
146365834 0.398
204323559 0.190
38506974 0.035
30111878 0.032
228570067 0.092
66397956 0.315
2763146 0.058
111755849 0.047
355601526 0.023
206310222 0.233
12474173 0.000
114806795 0.036
47294327 0.100
49677845 0.885
9664541 0.141
434106781 0.267
434098371 0.654
158623380 0.000
237923338 0.000
402340887 0.249
402294022 0.254
12784277 0.533
137768951 0.584
9632122 0.762
140757576 0.002
313887025 0.199
302000380 0.050
141029169 0.000
149539842 0.000
69925018 0.256
2760376 0.154
92104354 0.146
382200108 0.608
66501148 0.544
394701200 0.327
69838405 0.001
69839724 0.374
444153121 0.629
434102166 0.284
270410953 0.003
279649961 0.003
302213306 0.050
188663650 0.048
9708845 0.005
69813766 0.173
441460600 0.931
314826925 0.015
311086397 0.152
69856052 0.622
120563289 0.002
69888481 0.581
209369845 0.055
431479895 0.000
204313870 0.166
31008616 0.029
234306823 0.078
120491264 0.633
49687063 0.849
441056474 0.348
349483493 0.117
69948533 0.091
31634303 0.002
165880674 0.004
39017797 0.009
308208682 0.055
144335636 0.000
66497213 0.106
259963354 0.015
80428889 0.017
145532784 0.254
396695080 0.000
246890327 0.086
389749973 0.002
389624622 0.053
114851195 0.839
180872018 0.000
62440205 0.069
149022105 0.842
289575635 0.096
69890476 0.072
137801605 0.377
382550405 0.000
188569537 0.798
152070973 0.144
184112782 0.000
231063396 0.001
238892306 0.000
38906916 0.001
240849697 0.257
31506565 0.082
364305839 0.043
5738876 0.449
149252059 0.139
69750931 0.064
304101284 0.000
251879009 0.226
52240307 0.003
66499566 0.723
197881406 0.014
9700151 0.073
5726033 0.115
70788010 0.004
69842060 0.647
2836322 0.004
228464816 0.878
9100972 0.944
322307975 0.015
220018131 0.003
146365904 0.153
251845153 0.075
389627092 0.000
47425832 0.412
8964552 0.038
155918661 0.072
231050649 0.000
369639876 0.000
141187585 0.066
117546021 0.908
237865485 0.030
5655566 0.461
149499837 0.034
188544137 0.916
146798927 0.735
228383260 0.609
300286594 0.000
214662698 0.500
289575551 0.036
5779295 0.052
204391869 0.069
111226510 0.363
47505165 0.752
394701205 0.312
137768154 0.040
237880472 0.000
34038194 0.052
92132023 0.149
370139338 0.014
321977900 0.541
149216728 0.000
12932557 0.188
33915190 0.728
220566201 0.000
5611781 0.127
204374207 0.099
399589584 0.374
52307679 0.005
66397952 0.473
269741626 0.007
220398163 0.060
326453085 0.472
5675311 0.182
12857680 0.287
111777941 0.431
240851625 0.501
9032059 0.157
27955605 0.103
301866948 0.248
299801873 0.000
270187522 0.328
117548215 0.246
197931753 0.005
204321213 0.474
188579987 0.154
201859043 0.028
188621966 0.394
402318545 0.312
69925153 0.170
270185471 0.110
149598878 0.003
255638364 0.025
188619658 0.326
30723147 0.002
175315742 0.128
89543386 0.049
69856498 0.001
358070771 0.000
198011859 0.000
206616717 0.000
12470018 0.001
66533701 0.282
240764867 0.118
434097837 0.762
207148370 0.000
12787687 0.046
12723744 0.548
9164711 0.764
12773213 0.416
33715498 0.075
188598489 0.150
272316785 0.000
114804719 0.065
12420352 0.263
240627356 0.346
169746324 0.015
188627042 0.048
33734888 0.126
388198490 0.048
421976794 0.440
326525990 0.291
10002509567 0.930
228570029 0.080
276865202 0.056
156083605 0.005
8990971 0.256
7128570 0.000
8962444 0.280
419010749 0.138
434109726 0.638
146165435 0.568
30037753 0.000
214663294 0.090
231068924 0.003
289648081 0.734
117548064 0.055
12723673 0.383
234339317 0.000
55757694 0.002
47355863 0.031
228382176 0.591
382605204 0.000
12686466 0.030
328010374 0.569
267117055 0.022
183492653 0.024
204326022 0.120
204320115 0.192
326479819 0.338
8989997 0.902
204378105 0.230
307781467 0.022
220391732 0.001
228571107 0.287
111755575 0.448
114818234 0.339
114851071 0.565
77045887 0.000
370139337 0.000
166675073 0.056
38825444 0.006
240662503 0.195
209369615 0.155
8999925 0.489
2758594 0.380
434107262 0.143
41833926 0.065
382531945 0.000
141626908 0.000
9102142 0.074
142015844 0.003
188572397 0.047
9067448 0.355
9707736 0.482
149626500 0.000
204323011 0.841
406405823 0.507
306469540 0.000
150394446 0.208
70819878 0.124
70723615 0.108
111222495 0.087
204318850 0.043
8995100 0.086
419013043 0.269
69840658 0.004
66497217 0.174
229158767 0.002
117549195 0.304
92130919 0.039
9708518 0.068
201777121 0.001
206283248 0.313
232082938 0.000
141766191 0.000
70763119 0.008
237921747 0.000
145962298 0.057
137768334 0.236
246821622 0.373
34016650 0.176
228507211 0.454
280053653 0.028
47423550 0.041
38585605 0.000
141410886 0.003
364305883 0.025
188664056 0.108
152071573 0.166
234499702 0.001
188619746 0.077
322063258 0.000
349572810 0.364
49557042 0.327
254299485 0.491
111224859 0.132
7152705 0.017
311086092 0.059
66499105 0.020
47484499 0.013
270672358 0.000
228383272 0.004
326450796 0.097
201231155 0.000
246889198 0.690
382635929 0.000
364425788 0.101
431589272 0.001
80419354 0.004
262039939 0.010
34015295 0.063
137730653 0.007
9009437 0.533
5632336 0.806
100104630 0.006
2836819 0.196
12976203 0.086
354606420 0.053
111185174 0.028
381189263 0.000
5777643 0.068
197829476 0.000
204391732 0.722
301860018 0.015
9727499 0.148
141611138 0.024
399571483 0.674
5795799 0.292
137768398 0.394
197843079 0.025
69750799 0.037
137772706 0.039
146364038 0.459
146800793 0.135
309698484 0.001
207171550 0.000
262106235 0.000
326453169 0.362
51914130 0.070
66497632 0.091
146800732 0.823
9053484 0.220
407635573 0.098
9063073 0.269
240812282 0.157
69912395 0.322
326550559 0.085
69817630 0.132
70788469 0.068
175411262 0.001
117549684 0.072
8918854 0.169
201249189 0.000
326445516 0.650
9057753 0.148
246822760 0.482
2759832 0.201
92105629 0.237
262109834 0.532
269795605 0.115
240764932 0.099
41027604 0.002
183802656 0.000
349155860 0.001
9789100 0.062
5656306 0.247
425933645 0.000
166768505 0.360
279648465 0.000
231050862 0.008
9067040 0.445
9003990 0.964
188592955 0.150
179575070 0.166
388129971 0.126
9726952 0.075
277299710 0.002
229012689 0.469
206608489 0.636
47293692 0.749
137768705 0.130
117546769 0.000
380825808 0.262
270218591 0.861
117546653 0.204
114818906 0.049
12769877 0.151
55388711 0.033
207205880 0.000
209369879 0.395
137772827 0.679
382266685 0.018
425997727 0.004
120507606 0.312
149497535 0.000
141607295 0.000
114850727 0.156
50493228 0.071
47423635 0.084
169767890 0.042
180443421 0.129
228569778 0.281
69912766 0.094
204319915 0.157
234502300 0.125
426015583 0.012
66467432 0.079
382244803 0.066
183585389 0.001
30933216 0.049
281658549 0.101
69948427 0.087
262039586 0.236
146944761 0.183
204294876 0.610
30531417 0.000
340782545 0.001
149626496 0.000
313932832 0.097
434096590 0.953
137730565 0.027
12784618 0.130
114819548 0.147
33913012 0.127
302966059 0.061
389729531 0.050
425864442 0.000
49690092 0.176
7152703 0.139
5653945 0.398
5642279 0.646
12822288 0.167
92105501 0.078
9164638 0.564
47316468 0.189
89528641 0.608
141026210 0.000
204324362 0.786
66467165 0.177
272362410 0.001
354606314 0.660
419009672 0.057
402311788 0.014
309790075 0.018
326527364 0.736
149497540 0.000
441489871 0.001
146798934 0.707
251845156 0.076
402319157 0.351
5634435 0.001
240720804 0.397
111753119 0.169
8990743 0.384
69925829 0.832
12880898 0.079
188544186 0.146
92104908 0.452
175476841 0.003
52075341 0.048
289576804 0.058
220411078 0.354
180871938 0.000
441490563 0.628
207171727 0.000
204351883 0.003
69890127 0.179
141605814 0.001
49646278 0.353
206530164 0.027
47425665 0.544
137799837 0.025
156001927 0.001
165886732 0.005
117611163 0.526
281728694 0.001
207148580 0.000
188597919 0.816
327939515 0.700
402325138 0.783
326523681 0.274
326550862 0.050
149348918 0.261
204324317 0.000
369707927 0.000
207240051 0.112
373840004 0.015
434098350 0.588
10000423440 0.001
399572664 0.001
141766836 0.000
294784522 0.000
373841395 0.034
117550773 0.263
9067832 0.421
52015595 0.029
114749459 0.084
246892517 0.282
204323260 0.336
204325802 0.253
209370130 0.098
426053231 0.086
41031675 0.078
52152553 0.255
419051928 0.150
204315652 0.011
31927353 0.000
402313025 0.066
146799086 0.715
419064727 0.084
12822495 0.082
246851163 0.025
146801004 0.459
69891395 0.424
204293086 0.106
229810444 0.000
141091772 0.070
41169654 0.000
246819637 0.061
276865191 0.048
169746969 0.057
228383567 0.670
146366075 0.248
92137594 0.219
146579251 0.172
326523462 0.166
369396083 0.000
5610899 0.643
92134838 0.025
281658434 0.105
114851392 0.146
117626504 0.000
228464927 0.057
5654737 0.123
326523770 0.062
47293623 0.083
47504837 0.348
20897273 0.144
47389206 0.049
238875900 0.064
146163805 0.310
419052804 0.006
49733330 0.896
80427687 0.001
65264868 0.000
31381636 0.406
141413271 0.050
52152068 0.303
66472068 0.104
52056859 0.002
388198453 0.034
70774999 0.114
156016136 0.034
188628806 0.656
38950816 0.000
117610788 0.267
370007081 0.032
294326055 0.022
251848334 0.003
207142924 0.006
246853526 0.072
370138414 0.713
234520741 0.101
339607562 0.000
188579064 0.213
246823129 0.495
175481147 0.000
404932375 0.092
220461517 0.001
179440948 0.058
402318039 0.584
120585008 0.105
38806537 0.002
240851526 0.371
12773211 0.329
66471855 0.128
114819937 0.120
251887271 0.054
207199075 0.000
31798594 0.001
316936421 0.000
51993968 0.082
80257713 0.038
302965951 0.079
146165673 0.385
47526259 0.087
381979279 0.140
358501060 0.029
24695627 0.179
425940082 0.007
355687467 0.001
240810327 0.069
370038606 0.000
207204049 0.001
20897689 0.150
51994196 0.006
33945851 0.059
69813908 0.035
55746843 0.000
399570739 0.001
144307552 0.002
231120787 0.263
179318090 0.000
62440097 0.303
419008129 0.105
183306530 0.044
355789487 0.001
146801056 0.273
370228572 0.044
63696771 0.195
9632021 0.530
228463621 0.554
33770206 0.000
281594607 0.003
69909134 0.083
402044913 0.000
89525516 0.432
228312963 0.196
89527616 0.034
469948518 0.000
69841801 0.129
234336665 0.001
69912494 0.202
326525526 0.352
160079025 0.009
309654642 0.000
188629846 0.402
49604846 0.767
102064288 0.047
188625882 0.440
9179469 0.266
111778053 0.010
306472746 0.000
261265729 0.000
117549661 0.001
426015757 0.113
33732945 0.111
311086224 0.426
228508740 0.682
47525813 0.891
8995367 0.945
289593513 0.652
246852825 0.275
401985835 0.490
197829478 0.000
9067047 0.118
33910456 0.055
137805460 0.881
219989185 0.325
9145033 0.038
166802845 0.038
32053380 0.003
389729524 0.021
434108338 0.008
188587527 0.201
434107998 0.001
406403881 0.396
69750939 0.037
326481584 0.334
24704627 0.001
111751116 0.130
188620709 0.297
146364085 0.071
8997938 0.001
5794690 0.039
145964250 0.266
5654825 0.054
255685092 0.012
369396726 0.000
31181124 0.020
2762267 0.010
117548921 0.488
146165696 0.227
204324223 0.662
52195972 0.002
66501924 0.129
419010038 0.001
9072358 0.067
155940167 0.099
111189408 0.025
111753893 0.065
111716757 0.405
431380287 0.086
201877340 0.000
52057768 0.000
141473352 0.071
9760560 0.393
137773119 0.353
369708051 0.000
425937691 0.001
117549882 0.426
279737991 0.123
289576566 0.142
49675065 0.000
12976004 0.176
188663980 0.163
55453792 0.080
373608869 0.002
306577992 0.000
402318247 0.913
9097895 0.336
117550340 0.182
9053922 0.813
31635050 0.001
197831233 0.000
141914983 0.050
169763833 0.054
8940239 0.173
307567706 0.001
270622047 0.232
197891633 0.001
146165570 0.074
279091688 0.018
55555244 0.000
65264143 0.283
117611084 0.058
254292032 0.445
259901389 0.106
326477044 0.043
2762800 0.018
240765058 0.000
30405551 0.000
204294604 0.434
69925366 0.047
201234967 0.015
47389361 0.043
149010593 0.064
9004294 0.534
69766131 0.086
444155702 0.056
254295631 0.069
30471142 0.125
12395217 0.127
350091607 0.056
117548306 0.688
89526580 0.660
188619810 0.064
441053949 0.751
402319276 0.002
389742741 0.116
364589602 0.003
111750734 0.858
273878939 0.000
38825450 0.008
434108915 0.284
111224827 0.066
92104912 0.233
92105761 0.255
34040141 0.003
246851745 0.068
2836704 0.157
149019621 0.089
47294285 0.000
52154717 0.333
120565672 0.003
141545008 0.032
219994062 0.000
65264261 0.310
149120862 0.292
332509346 0.042
114913344 0.148
49689899 0.465
434103438 0.974
270480993 0.000
201353229 0.000
287537725 0.000
69839004 0.619
183984239 0.001
2760325 0.469
289592836 0.626
280098718 0.000
188620241 0.000
369397292 0.001
33946833 0.163
149420154 0.000
137768953 0.200
4498281 0.337
117549680 0.167
425465615 0.411
421978233 0.012
316936298 0.067
234491630 0.000
92131349 0.396
5653863 0.226
149268255 0.001
55785043 0.134
13068361 0.000
444153634 0.026
142018925 0.263
38952100 0.000
69888407 0.305
370227459 0.000
69928349 0.871
9758472 0.087
262040013 0.219
145752545 0.075
31740910 0.001
33944334 0.123
158621567 0.047
31926706 0.088
188628237 0.113
327939880 0.775
69763853 0.060
66499758 0.038
33982640 0.000
141270098 0.015
441057533 0.722
188627929 0.138
33879056 0.051
234506081 0.001
66378184 0.261
8962350 0.162
327953331 0.356
270187188 0.139
169763767 0.082
69909459 0.053
47388595 0.067
5640292 0.818
389749953 0.002
328009188 0.361
180551284 0.002
39164110 0.004
5796433 0.226
270461443 0.189
38846477 0.000
257719889 0.000
47483708 0.018
206283441 0.013
117547761 0.787
116881229 0.000
111750069 0.401
204322561 0.141
402319753 0.709
24703717 0.002
402319281 0.000
141278792 0.000
117626664 0.237
188570168 0.128
294784563 0.001
382032552 0.002
204375724 0.117
8999235 0.122
246881913 0.180
279213328 0.000
441057541 0.169
183586772 0.002
289579941 0.824
270185901 0.092
373431012 0.003
146798919 0.688
9158184 0.130
114875947 0.001
141530801 0.063
5611123 0.504
47505431 0.048
269741649 0.017
364588783 0.021
262040096 0.640
270652829 0.066
137731757 0.209
419008332 0.066
111752315 0.001
434101978 0.534
114749812 0.254
294784525 0.000
246847611 0.337
144381779 0.033
355478241 0.017
289578979 0.001
228463553 0.109
231066981 0.000
69766191 0.022
70858552 0.147
47353362 0.402
144460507 0.080
47318462 0.626
228383214 0.102
204350827 0.077
137773842 0.259
31780319 0.001
234509030 0.000
382531941 0.000
92105072 0.243
141473947 0.000
207150294 0.192
116880108 0.001
211441049 0.785
204295275 0.002
146364203 0.916
69855581 0.001
444151701 0.077
238002631 0.013
382624770 0.033
9176581 0.119
149599854 0.201
188597405 0.085
326477287 0.081
434100042 0.386
166731534 0.000
311924137 0.000
204388936 0.076
149039372 0.000
33839408 0.071
152087939 0.105
207139927 0.000
111778659 0.080
80431678 0.001
66498514 0.079
62440383 0.068
116881170 0.000
69767128 0.090
167086417 0.000
388180826 0.000
262040386 0.114
259961583 0.026
228613583 0.000
89435008 0.429
169766446 0.578
391823450 0.017
117610907 0.617
12422629 0.000
280832460 0.018
382550222 0.002
52314809 0.041
138707094 0.330
415967398 0.001
231012930 0.013
204324708 0.000
201883476 0.001
388200406 0.067
146800717 0.001
204375570 0.534
426031899 0.000
141757454 0.047
141473368 0.106
399570461 0.502
145964087 0.046
141943618 0.000
327996727 0.377
231048083 0.000
138706921 0.651
8964248 0.228
33945365 0.530
141757931 0.030
254300611 0.508
281595102 0.000
149011930 0.178
140690428 0.004
47467857 0.852
262876046 0.000
188598551 0.378
27964706 0.283
431479894 0.000
38608972 0.000
89435256 0.496
254299335 0.361
280051341 0.000
144376858 0.043
313933908 0.000
89503514 0.844
47505351 0.149
92130579 0.018
69888054 0.536
259902484 0.000
5795619 0.480
92105564 0.290
92136974 0.129
38461939 0.000
9070580 0.086
120523268 0.062
402319553 0.723
52381483 0.000
5727198 0.103
370223075 0.003
117396269 0.005
114859269 0.114
111754774 0.101
204374746 0.093
277105252 0.039
89525445 0.494
12720873 0.071
139285666 0.000
425975034 0.000
402318215 0.389
415967547 0.447
188626561 0.169
419011641 0.062
388200507 0.527
30936548 0.089
188598975 0.623
9146427 0.351
231275852 0.018
4498282 0.143
434111194 0.352
307995455 0.027
204292942 0.248
441052502 0.415
402293550 0.048
402325091 0.595
183560017 0.001
33983813 0.001
240851605 0.333
55299845 0.015
12997703 0.397
31009477 0.215
431481290 0.029
8938246 0.145
139322427 0.001
314865597 0.000
144313819 0.681
9097330 0.042
137774741 0.140
117611486 0.890
9033249 0.003
158620424 0.000
89504329 0.304
12932559 0.581
166678380 0.000
5774847 0.512
144335139 0.000
41169662 0.000
69910543 0.201
102062770 0.000
89500997 0.389
31740714 0.001
9053990 0.295
137768999 0.422
5632334 0.104
12773269 0.146
204323928 0.245
12769822 0.226
145962411 0.262
66471525 0.330
228569733 0.714
188592975 0.193
270268943 0.900
111186121 0.364
251840508 0.039
188618555 0.120
89545376 0.117
69750964 0.047
270218829 0.697
441056337 0.863
8938474 0.579
138706926 0.455
49711122 0.328
137796147 0.395
369771725 0.000
402338978 0.116
402340479 0.009
425465725 0.654
145962379 0.079
140997915 0.000
9067915 0.036
33984062 0.659
183529507 0.923
49733433 0.864
158637035 0.020
69924995 0.182
111222607 0.290
434100316 0.076
69841826 0.000
204290226 0.001
8988471 0.576
149472985 0.000
38877350 0.220
9004486 0.114
5653389 0.807
9216852 0.574
139363570 0.000
13060085 0.564
434103666 0.892
354605711 0.088
102089028 0.034
228465087 0.095
358070773 0.000
304034627 0.019
12359732 0.075
111223260 0.048
27965789 0.084
238894436 0.043
426031860 0.031
251884799 0.013
69912479 0.504
12858333 0.593
327939320 0.260
259963760 0.012
326551141 0.108
201228174 0.186
92131190 0.662
146364076 0.086
402313105 0.448
188663672 0.076
149598862 0.001
167245929 0.023
41260686 0.065
228569858 0.470
214663333 0.115
364424144 0.000
31379545 0.071
47425691 0.264
117612198 0.861
406405819 0.219
175372903 0.046
370008035 0.049
30112849 0.005
402319740 0.814
188618593 0.029
204321871 0.440
419010842 0.011
149497534 0.000
117550018 0.739
69927793 0.116
401838092 0.015
207086279 0.000
262112581 0.155
402313029 0.123
33912431 0.008
254294570 0.088
326524192 0.148
9033210 0.254
388105394 0.029
326445488 0.074
355766802 0.058
9067046 0.081
220560049 0.030
200747006 0.000
8999320 0.019
63695136 0.033
8938510 0.398
402324406 0.143
47316545 0.356
5639332 0.353
141769462 0.095
228507259 0.173
5654178 0.480
5632648 0.209
114860971 0.540
69840554 0.289
149570292 0.001
254298217 0.003
326478647 0.094
169764463 0.049
254290844 0.112
47505423 0.035
204372060 0.090
301860846 0.019
308184853 0.003
33913123 0.048
234301136 0.028
66497214 0.511
214663461 0.050
137799864 0.616
144383090 0.043
169768141 0.039
231827069 0.003
188569552 0.804
358109878 0.000
146799025 0.085
179435980 0.199
166768496 0.203
439398396 0.300
9761280 0.150
370139336 0.011
229066605 0.000
201796642 0.063
49783562 0.420
2733397 0.144
183529513 0.008
66419476 0.619
188580022 0.508
47525814 0.874
280098927 0.002
31508470 0.018
183584814 0.000
204390444 0.346
12422094 0.304
259901365 0.066
183584821 0.004
33910447 0.036
69857997 0.256
149250423 0.031
111756081 0.818
204316910 0.175
434101496 0.319
355476752 0.670
55559286 0.000
111187051 0.910
4602562 0.050
66437459 0.094
52075410 0.001
144336067 0.286
152088075 0.001
89547364 0.003
406406357 0.697
327994009 0.383
431589510 0.002
419051994 0.047
219990936 0.001
145750682 0.387
137774357 0.250
382029115 0.113
188620379 0.217
228570122 0.000
138707097 0.043
434100799 0.040
444154306 0.306
141941135 0.153
12424592 0.410
5611729 0.038
166680459 0.002
207087375 0.008
47318109 0.061
281562429 0.021
141029164 0.001
238871968 0.000
8998178 0.001
207204556 0.012
246890507 0.926
175400315 0.006
166852427 0.000
184135068 0.001
188618183 0.213
348996175 0.062
207132611 0.046
149019882 0.110
281815328 0.001
364322406 0.138
12967849 0.538
382256863 0.748
425882055 0.102
188573253 0.080
5676406 0.707
180872972 0.000
8919013 0.325
246859280 0.003
12685890 0.103
198009191 0.163
206534060 0.001
206283477 0.266
204315467 0.221
254294625 0.106
5738809 0.294
231065496 0.001
402324944 0.605
12434656 0.000
214658509 0.053
188579070 0.219
402312864 0.834
259863734 0.006
441489566 0.039
214662375 0.523
114793156 0.008
219988522 0.001
49677557 0.158
66438636 0.068
166744173 0.000
434110151 0.128
402312829 0.128
183528699 0.584
240662525 0.061
254298111 0.001
262106609 0.310
234331689 0.042
9146088 0.031
188663218 0.450
273945449 0.000
251821893 0.015
27955856 0.001
66440836 0.005
228383229 0.075
262109373 0.233
270268917 0.081
155995634 0.007
231865741 0.014
30407224 0.000
204371685 0.526
30760629 0.015
308185336 0.039
145750638 0.537
234330878 0.001
146579203 0.050
8995792 0.455
137796502 0.366
358156904 0.086
394137469 0.000
224276435 0.011
228571218 0.293
5717818 0.053
228507350 0.000
276865386 0.051
183802606 0.001
50384363 0.000
201776589 0.000
47337715 0.215
2759088 0.807
262926378 0.001
183645412 0.374
40280907 0.083
304034228 0.002
141709728 0.115
92137501 0.802
169766937 0.447
111224325 0.772
31528176 0.034
100105603 0.329
117626334 0.263
89467097 0.548
204327654 0.513
389756924 0.348
234506820 0.003
30195451 0.008
49554423 0.361
66418533 0.187
434109121 0.260
183530975 0.061
115445258 0.003
38846471 0.000
33946380 0.570
141091553 0.000
5655640 0.118
47296517 0.565
229137610 0.264
183591991 0.031
180872971 0.001
294154910 0.174
116880242 0.003
5655564 0.228
62440013 0.256
137775227 0.847
114875557 0.093
201234567 0.861
69925455 0.070
141414218 0.186
47551676 0.654
158620879 0.137
434100043 0.457
228464783 0.124
12784270 0.451
270167410 0.276
388200397 0.281
183374162 0.001
246848551 0.206
302365370 0.222
47383295 0.197
111777935 0.186
240662424 0.437
102029190 0.517
66409777 0.528
281640055 0.009
204316679 0.163
5778141 0.219
254300696 0.293
9664543 0.331
200691508 0.000
434105091 0.235
89543274 0.302
304699039 0.187
4610979 0.374
49737737 0.429
141414186 0.084
206285400 0.727
270269429 0.021
259929944 0.014
114850939 0.061
419010653 0.001
402340426 0.021
441051790 0.168
254298146 0.000
141526430 0.113
77021811 0.132
49677882 0.103
206350196 0.059
425863054 0.000
184534350 0.000
51912923 0.115
434106755 0.064
311085207 0.973
38469787 0.000
326453084 0.575
179637426 0.000
177309716 0.039
12378498 0.094
9099311 0.115
152863798 0.083
339577288 0.001
238892305 0.000
33839970 0.001
49735756 0.496
434109530 0.396
31926335 0.000
117546224 0.167
220563030 0.001
364542703 0.000
155941923 0.000
69927792 0.159
117550769 0.155
40274180 0.013
49738203 0.707
69766156 0.020
117626381 0.813
382098650 0.030
399571770 0.788
141975967 0.000
204328031 0.627
66436964 0.755
69766412 0.179
31673980 0.013
38762633 0.001
169767197 0.071
8994922 0.559
47294624 0.182
246822763 0.238
66376751 0.111
66498020 0.572
382472098 0.002
328009141 0.266
5634347 0.286
270187062 0.235
111223962 0.138
9725410 0.172
270268918 0.068
20892062 0.152
394137467 0.000
33945880 0.266
9035796 0.283
156078539 0.000
38458970 0.000
50380889 0.000
141766213 0.000
180873024 0.998
228382043 0.029
66472163 0.018
183307146 0.006
419012942 0.264
33911566 0.063
55479431 0.001
111752691 0.930
188629082 0.539
169763769 0.747
197909711 0.053
117626378 0.191
434110925 0.903
358458913 0.000
117550372 0.354
358660109 0.022
358155580 0.021
404931181 0.000
137766259 0.657
224224485 0.000
51990490 0.090
49738138 0.558
197935350 0.050
254299545 0.010
358247598 0.000
354671997 0.348
307435534 0.008
234508705 0.000
434096925 0.300
70819884 0.366
441053099 0.647
419010423 0.069
434102688 0.021
237880464 0.001
402320148 0.763
141910751 0.008
224269279 0.046
39045738 0.002
204390602 0.755
281727642 0.000
369397187 0.067
9699348 0.195
76988098 0.629
207086265 0.000
10002480935 0.000
369396084 0.000
350953745 0.026
214663564 0.477
55270099 0.009
146364091 0.487
12418158 0.102
9062640 0.146
434107187 0.894
4611026 0.138
111778552 0.895
158621571 0.053
111189730 0.099
69839329 0.036
228464912 0.380
327994118 0.322
47483971 0.200
382454135 0.050
262110481 0.745
55454319 0.001
141607271 0.000
65261861 0.385
277106353 0.203
55853438 0.230
80337895 0.025
50380959 0.001
145750501 0.328
220433047 0.001
49733039 0.082
206360297 0.000
169767601 0.309
188594653 0.000
309705297 0.000
238890718 0.000
66473439 0.000
370113801 0.084
5741547 0.131
69815386 0.621
308148354 0.085
20880023 0.000
402129971 0.005
5634504 0.103
146364045 0.180
39081780 0.043
111222917 0.109
8999322 0.025
188618540 0.412
66419822 0.842
421977183 0.150
158596578 0.000
9157889 0.027
5719633 0.877
204376290 0.062
204315029 0.178
326445923 0.049
394701165 0.000
183531231 0.180
114849661 0.095
9053474 0.226
10001058562 0.233
188619287 0.498
69888059 0.540
47318671 0.370
231740117 0.002
47423454 0.106
425863844 0.003
49622339 0.783
69909385 0.000
117626548 0.181
262039473 0.177
38426473 0.001
70858149 0.118
426016683 0.001
260370457 0.002
8995228 0.591
207210419 0.025
92131499 0.054
382041470 0.091
155995637 0.007
5739854 0.122
206604514 0.934
12423572 0.000
145964200 0.025
188625872 0.123
228571155 0.631
169767100 0.243
355635441 0.000
38459835 0.000
8994817 0.184
117613141 0.009
12420351 0.088
10000044366 0.309
9062900 0.786
5719186 0.036
141805856 0.017
12784646 0.645
259960730 0.000
120522927 0.169
355424473 0.000
220478846 0.000
169746448 0.276
38469354 0.000
111756078 0.850
33946628 0.000
219989188 0.182
137773011 0.959
5676230 0.258
220556113 0.000
273945456 0.007
358248149 0.000
204294543 0.002
270187435 0.877
281575019 0.009
62440020 0.730
69814582 0.808
49733323 0.758
12857894 0.671
9004098 0.319
382266312 0.000
12773329 0.916
304699040 0.301
117612184 0.138
425465914 0.116
41033449 0.003
206608219 0.893
434105065 0.329
111778513 0.045
183302718 0.051
254300628 0.627
273879069 0.000
184137378 0.021
166765288 0.001
441051704 0.378
167250181 0.003
140757571 0.000
229142196 0.003
289592854 0.424
204374950 0.104
2760658 0.834
69817401 0.184
5641392 0.460
388200498 0.062
183529571 0.089
219992023 0.004
50316209 0.000
425864440 0.000
149012012 0.938
188630638 0.168
146364249 0.390
117611150 0.824
231069434 0.000
188586314 0.307
259930646 0.000
117549522 0.022
402323631 0.118
160079018 0.016
89501673 0.144
117550427 0.068
141435939 0.080
69813993 0.303
146798885 0.357
47318937 0.702
9032274 0.122
40973339 0.001
155315872 0.438
9176988 0.597
204319508 0.164
146799152 0.301
47484165 0.309
138707554 0.890
33836621 0.071
207133389 0.015
188664131 0.102
269741665 0.241
240766659 0.255
201332590 0.000
117611598 0.916
246820693 0.053
8999321 0.023
89528756 0.137
206549988 0.081
10000053493 0.097
204375731 0.095
100105350 0.373
165886702 0.008
307995868 0.070
47296521 0.615
188593828 0.050
269741663 0.436
47483632 0.055
234343491 0.036
441075866 0.115
441051475 0.001
303973496 0.107
231090837 0.412
49646162 0.012
214657214 0.382
111753935 0.029
188662486 0.001
188618964 0.217
179986694 0.000
12394777 0.447
9053414 0.083
115692684 0.160
358248213 0.001
204319336 0.769
238181265 0.074
12418751 0.017
5632793 0.656
289592039 0.265
434106603 0.239
209366568 0.241
311056984 0.236
302965929 0.103
204295798 0.362
111756082 0.220
114876688 0.173
137775790 0.170
34016299 0.094
444155230 0.033
149011929 0.152
9699564 0.083
434110047 0.365
262926191 0.005
309755442 0.000
402340262 0.132
12685840 0.258
69813865 0.041
234548892 0.005
204295323 0.445
188572385 0.054
224263012 0.000
434108980 0.046
307634939 0.067
31181112 0.026
188580028 0.278
9034212 0.053
146800716 0.001
33914145 0.514
9033202 0.536
12770257 0.264
231023541 0.001
262107316 0.250
89547388 0.042
47388109 0.197
141410887 0.002
270376360 0.033
111183648 0.147
254294536 0.224
246843551 0.367
238182435 0.001
69856332 0.395
259961581 0.024
158620886 0.918
280096573 0.000
201924017 0.015
117548589 0.311
240849890 0.748
9007659 0.042
179120380 0.033
219997404 0.285
358501065 0.110
149914248 0.058
228507167 0.164
441055838 0.004
389326863 0.015
8995092 0.499
231835852 0.000
272362398 0.001
434111295 0.157
8990304 0.278
12770295 0.211
141410895 0.003
206283443 0.111
228507380 0.792
419012991 0.039
238230296 0.000
142015475 0.001
254299501 0.144
262109193 0.056
313934996 0.148
47318108 0.024
12784877 0.076
9632236 0.746
238872800 0.052
141486186 0.048
382186180 0.002
114850723 0.353
204290993 0.174
27966856 0.051
294870020 0.165
326452553 0.231
200744498 0.000
120461434 0.053
240851568 0.559
434101620 0.074
49735506 0.000
49735337 0.685
177255669 0.096
152087936 0.274
40665431 0.026
201857602 0.015
197906237 0.123
269741627 0.680
201938124 0.001
8995372 0.601
238181258 0.030
47505048 0.293
111226846 0.918
237915756 0.000
425882745 0.001
183302137 0.119
141413270 0.046
188626337 0.298
47425423 0.144
406405049 0.000
117549559 0.598
8990271 0.482
55757720 0.003
69858321 0.805
441463038 0.000
269741624 0.756
49710756 0.769
240764941 0.541
49646378 0.068
141484981 0.000
66465539 0.139
111778130 0.091
402313108 0.198
231275497 0.001
281497872 0.000
321980377 0.052
8999323 0.010
12787407 0.122
141544068 0.230
231864023 0.001
270622832 0.232
66499272 0.676
33914700 0.001
49622286 0.099
183529700 0.066
358248916 0.001
31382896 0.029
111183245 0.400
188597397 0.063
281640059 0.009
169767137 0.086
80428640 0.000
246895355 0.041
204376048 0.520
240810257 0.068
207147914 0.004
31779696 0.000
49677784 0.085
9145418 0.478
137805620 0.243
69891248 0.054
9786942 0.484
441465459 0.452
141335867 0.397
9032818 0.013
69839296 0.188
9708037 0.116
40411444 0.030
9164830 0.000
47383603 0.468
52381479 0.000
308185646 0.053
49710354 0.000
391949048 0.000
156003001 0.001
117549339 0.930
34014499 0.144
5655273 0.053
47508105 0.109
188662307 0.731
33715143 0.000
9066342 0.661
425933644 0.000
117549660 0.001
5677395 0.161
149022133 0.781
49622333 0.048
9708841 0.004
402325323 0.700
146801001 0.050
33985688 0.000
402312827 0.488
240623311 0.141
206327508 0.000
5718585 0.253
92137475 0.270
441490036 0.093
302965982 0.097
469973025 0.005
289576659 0.701
30110486 0.036
307919515 0.020
270268588 0.072
55782715 0.009
232072870 0.002
49687126 0.396
289575643 0.147
5776416 0.026
111753191 0.039
358579101 0.047
224280478 0.003
313935068 0.055
201286593 0.000
246822580 0.191
102030763 0.000
434099763 0.239
267094352 0.174
149346752 0.000
281594888 0.001
137805917 0.243
441467642 0.457
70763552 0.000
169304180 0.163
302966087 0.851
188661946 0.216
5725598 0.080
51936455 0.115
12860879 0.157
444154272 0.263
355704813 0.054
12772735 0.803
70744365 0.008
232068151 0.000
382032374 0.000
228383438 0.367
388202348 0.526
201753299 0.000
149107538 0.947
5727472 0.378
251849426 0.000
207138340 0.012
426016874 0.001
66419816 0.567
138707530 0.572
66398909 0.001
49646592 0.206
419012082 0.809
5655856 0.039
5676914 0.037
141682886 0.259
9758866 0.231
38906917 0.001
280791911 0.037
2761416 0.237
38826608 0.071
114850940 0.419
370226981 0.000
240766618 0.027
9664906 0.893
12822750 0.346
188627099 0.338
33948045 0.861
419008230 0.343
69818171 0.613
434107196 0.960
69889502 0.358
209370712 0.304
426015592 0.065
294782319 0.019
279737988 0.244
231046960 0.032
269741671 0.294
138706761 0.196
51912006 0.009
47381068 0.086
117611090 0.297
182910100 0.016
5725733 0.228
289576585 0.738
404969586 0.084
254299336 0.568
140891597 0.005
9710074 0.205
204318241 0.332
5611535 0.859
49591897 0.000
144301243 0.000
289575681 0.428
251854070 0.001
136886854 0.152
69856363 0.006
149497542 0.000
9053300 0.717
5639749 0.123
33912366 0.029
111752215 0.110
9003577 0.146
146581063 0.829
9665008 0.026
425823611 0.007
204375460 0.001
441462532 0.083
49710751 0.448
27956795 0.369
240812222 0.067
66467789 0.000
5724722 0.083
169303193 0.311
358290606 0.004
402318066 0.663
120508422 0.184
294870490 0.000
5641380 0.301
382464049 0.036
183531824 0.166
237915372 0.063
204389815 0.388
69925863 0.108
69888257 0.154
355601524 0.128
146581036 0.737
117549048 0.549
137806645 0.044
38849309 0.000
224272033 0.021
117396291 0.002
89547273 0.231
62439813 0.937
141473770 0.000
102029583 0.000
358071105 0.127
402318246 0.968
69927717 0.065
188594691 0.585
2733884 0.228
232083803 0.000
271575201 0.066
38940338 0.000
47465705 0.148
207210052 0.001
12358473 0.006
137797246 0.054
89545174 0.926
52013769 0.003
137775748 0.005
8998177 0.001
300240929 0.000
9178505 0.134
204389811 0.794
9158182 0.081
214661996 0.097
327996707 0.847
240851628 0.592
254300543 0.838
233966981 0.000
47467872 0.725
402294406 0.110
471015491 0.309
240851634 0.300
38515451 0.000
238192245 0.000
49592238 0.377
10000276041 0.048
8997263 0.570
394701162 0.000
5741189 0.087
246888977 0.342
165878751 0.015
92130581 0.084
220570737 0.093
33945590 0.468
145752523 0.689
89503510 0.420
92136226 0.964
402313506 0.001
5716952 0.381
393962389 0.000
5726894 0.338
237921748 0.000
139364545 0.000
209366777 0.083
111755540 0.223
425935025 0.001
281639173 0.001
207088518 0.000
5724558 0.079
240764911 0.443
156078815 0.130
219998026 0.001
34039515 0.001
228383398 0.515
166837053 0.002
9004287 0.484
326478835 0.131
115692297 0.074
117642438 0.109
188662032 0.482
434098133 0.137
89435399 0.255
101946101 0.000
70744273 0.281
69818534 0.000
69925634 0.039
66499720 0.936
117610806 0.507
279638793 0.002
30934854 0.241
49785774 0.311
55478967 0.000
228382018 0.074
20898666 0.069
111752213 0.138
5738875 0.266
114913789 0.896
5739355 0.000
198075602 0.047
327939840 0.193
201861459 0.063
402319975 0.137
69926804 0.223
382635931 0.000
9007346 0.267
204375001 0.303
38850724 0.000
434105103 0.791
279854663 0.003
389864618 0.018
201286598 0.000
197884430 0.000
231843696 0.000
198078399 0.037
9032975 0.041
9164738 0.622
328010002 0.035
207089159 0.416
444155457 0.081
240662509 0.056
117548127 0.044
382419535 0.000
8989881 0.126
111188396 0.782
183591703 0.003
373689095 0.003
294750180 0.014
262616257 0.000
155967339 0.057
431591608 0.000
197880892 0.001
55555248 0.000
393031261 0.019
166680457 0.001
5726681 0.671
234501617 0.339
260952058 0.000
355493741 0.678
66471046 0.002
30187280 0.000
188578812 0.316
267094179 0.018
92135506 0.583
111187117 0.487
207176480 0.122
117611263 0.125
254300542 0.252
52118634 0.060
201898220 0.001
214664781 0.031
204318045 0.356
407622812 0.010
246850938 0.375
214664647 0.888
441053495 0.117
214661856 0.177
399589292 0.255
399571180 0.173
234510783 0.074
49675231 0.086
350432380 0.000
137773090 0.174
8963901 0.025
8988140 0.002
220523890 0.024
69766346 0.105
49689556 0.108
9034729 0.086
12857929 0.363
29777917 0.001
69857998 0.166
8999147 0.059
142084858 0.000
89545472 0.163
117612593 0.526
204323462 0.866
204318246 0.721
12395793 0.341
220523274 0.007
204320259 0.666
328010043 0.431
12423423 0.736
149022003 0.000
238188583 0.000
111753170 0.943
2835989 0.327
5718471 0.140
206347836 0.177
294926359 0.091
151893044 0.029
49710356 0.000
399589348 0.001
117613161 0.121
441051916 0.256
137773160 0.053
231848867 0.002
402320144 0.980
394231124 0.001
246850944 0.066
158568646 0.708
259887455 0.001
92105313 0.034
238877614 0.001
141545041 0.513
355426045 0.676
426016682 0.002
370007119 0.000
2733897 0.075
232078069 0.014
308187863 0.124
350025509 0.000
69856372 0.252
69889795 0.382
146366060 0.209
419008081 0.051
402313536 0.084
29781328 0.075
276868885 0.042
111183251 0.137
204389971 0.128
415969192 0.000
204327346 0.107
69911456 0.066
327996434 0.774
69763644 0.056
2762756 0.056
117546128 0.186
262039230 0.158
228465039 0.595
211436537 0.063
111753889 0.115
262111994 0.042
204322515 0.061
166764947 0.095
2836603 0.036
5633697 0.968
207089512 0.000
251827288 0.088
9666273 0.134
328009715 0.127
41833930 0.061
8938509 0.445
149499667 0.000
302966056 0.071
9007336 0.263
469916912 0.007
270186971 0.086
273863472 0.010
228383436 0.681
69766160 0.563
66499705 0.088
246851162 0.036
206604489 0.000
251887266 0.027
399578637 0.947
382605413 0.046
9006370 0.178
70723625 0.174
9177866 0.114
12655687 0.023
9053765 0.738
20880024 0.000
146165580 0.694
31945753 0.001
381975513 0.098
240851508 0.102
228507276 0.577
281657123 0.075
439399117 0.075
204294897 0.140
149215262 0.010
188573249 0.297
69857323 0.338
188597966 0.355
237885807 0.002
229101905 0.017
39046217 0.005
69891117 0.632
302965964 0.049
55369206 0.000
441052505 0.644
198003939 0.107
183532876 0.007
92137748 0.316
441054212 0.034
149346760 0.000
358247595 0.014
246861678 0.004
179121057 0.033
49738009 0.556
308183271 0.055
69854668 0.106
111225038 0.477
41175863 0.000
204320491 0.087
9063039 0.925
441056256 0.087
9003396 0.158
10001058632 0.597
141680190 0.002
69750913 0.019
326524788 0.035
8995519 0.974
47526497 0.413
5611571 0.181
228613642 0.087
214663052 0.691
111753417 0.076
111756651 0.288
370326860 0.000
246894454 0.000
237924398 0.000
63688616 0.436
9708648 0.039
118585746 0.161
328010718 0.000
300327485 0.001
149039068 0.085
201311291 0.000
370118305 0.064
12423447 0.521
402318689 0.203
419012475 0.432
12359092 0.002
9004087 0.560
207147918 0.014
66533631 0.064
89525745 0.000
188629463 0.084
441490564 0.399
69857839 0.019
434107186 0.837
281728585 0.002
175476792 0.000
441056324 0.451
102062767 0.002
201883475 0.000
289579066 0.000
8995494 0.958
381975502 0.150
214658188 0.235
441467018 0.356
289593509 0.621
137773335 0.348
434098940 0.026
326526870 0.076
9053282 0.488
389752576 0.142
149666169 0.000
5640269 0.703
270461009 0.522
281461138 0.001
257719891 0.000
8918783 0.122
140998599 0.001
204313852 0.649
149598942 0.060
358069390 0.000
55497266 0.001
175296743 0.000
111226399 0.521
111183153 0.373
111189642 0.252
149664774 0.484
49622416 0.532
111778445 0.006
228383435 0.370
307162600 0.000
41089387 0.061
9760877 0.082
311085325 0.169
52309975 0.000
30534805 0.000
140801620 0.123
111183806 0.117
137805578 0.124
188598932 0.103
156016393 0.003
52118845 0.031
388200486 0.001
240851692 0.107
220425847 0.013
358513427 0.011
146165652 0.518
80260630 0.007
358660107 0.072
238894061 0.100
426020138 0.000
206624711 0.257
52057676 0.012
188597640 0.191
326479775 0.078
389628393 0.001
117611176 0.008
206362622 0.078
31798072 0.001
70762659 0.076
9758714 0.393
55757716 0.001
336731499 0.165
237913659 0.012
12857861 0.001
69926790 0.000
304103571 0.026
69890927 0.330
146364021 0.014
25133982 0.004
38850424 0.001
38679702 0.001
2760563 0.259
204327744 0.000
246845711 0.752
140510824 0.000
434105009 0.206
419010037 0.001
144308863 0.379
326523632 0.238
370010444 0.013
13097584 0.059
229151417 0.000
89525832 0.173
12685912 0.206
240849694 0.129
117612724 0.119
229156102 0.001
402319056 0.708
231857003 0.001
38823435 0.024
34038252 0.000
197803668 0.005
240810475 0.050
350432183 0.000
224275810 0.007
5739828 0.295
2733271 0.168
9101800 0.581
326524423 0.484
326527226 0.966
55557417 0.024
175400314 0.005
175458611 0.000
327952417 0.042
33914147 0.775
220570734 0.090
350432390 0.002
55523498 0.000
289593139 0.715
234331103 0.001
9633323 0.497
188597570 0.094
5631575 0.005
138707652 0.369
270269606 0.227
370327038 0.575
65261025 0.000
27964790 0.338
270167496 0.086
141606159 0.079
224274323 0.000
145750509 0.133
137772969 0.000
10000109823 0.357
179284155 0.005
117626454 0.067
31743781 0.060
5794870 0.063
234518883 0.020
55556797 0.000
102090495 0.001
262876100 0.001
152086749 0.123
316936302 0.015
27972345 0.084
38849311 0.000
231277551 0.000
204321243 0.272
89500764 0.448
369715497 0.642
206617113 0.015
262876102 0.001
240849664 0.307
246853045 0.087
66376761 0.060
277109104 0.010
326523705 0.097
9051907 0.367
69818531 0.000
179440958 0.052
240662560 0.074
80421169 0.000
228463406 0.307
313935477 0.023
220473133 0.007
220513948 0.046
188598945 0.535
34015697 0.079
327996441 0.464
183985246 0.001
273863974 0.000
240851572 0.147
47508150 0.171
206285632 0.067
138707320 0.061
402294359 0.141
434105014 0.185
204329073 0.538
204320124 0.122
289647446 0.748
228613546 0.125
206358511 0.130
309701902 0.155
111184826 0.242
179318071 0.000
12967420 0.002
234547938 0.060
402293476 0.172
145964196 0.362
9726950 0.300
111756321 0.078
69766163 0.441
49557213 0.020
89503607 0.265
404854412 0.021
114805587 0.405
8995718 0.070
92136252 0.541
228507391 0.664
40973322 0.002
175405316 0.002
407621049 0.007
399577637 0.069
399570409 0.125
9099079 0.171
149020540 0.037
47483929 0.161
270269613 0.079
188570433 0.197
156076944 0.000
150272867 0.001
326523456 0.409
9214394 0.619
141121650 0.191
389436381 0.001
101963752 0.002
246878896 0.092
69928076 0.000
254292031 0.382
69811982 0.075
92138155 0.000
251827121 0.092
240662536 0.057
219985761 0.195
358107317 0.180
9632003 0.962
289626779 0.773
38426469 0.001
52195812 0.014
311057331 0.181
114850052 0.201
229095370 0.215
307572708 0.000
116157661 0.003
259974874 0.000
144407994 0.000
9054016 0.459
38515510 0.001
12822755 0.146
270377201 0.169
9070335 0.459
12689033 0.836
374995563 0.047
12822876 0.932
246861224 0.066
238877615 0.001
289624742 0.100
231071217 0.002
201920135 0.001
117612547 0.034
146364215 0.026
149250847 0.001
240663429 0.283
309701876 0.041
444165071 0.765
234495456 0.001
47296186 0.471
231847034 0.001
140974961 0.000
66412604 0.476
31963460 0.046
166837054 0.001
251849722 0.000
89501405 0.761
402320137 0.110
238893410 0.003
246819804 0.000
8997936 0.001
382423232 0.097
47551656 0.039
70785920 0.000
2761086 0.716
434106673 0.532
25134083 0.057
33911236 0.040
231830794 0.005
421978025 0.302
101963303 0.000
155945501 0.067
389624626 0.060
49619656 0.590
118327563 0.005
270188108 0.760
5740192 0.527
137806482 0.527
38836656 0.181
137801594 0.188
13022633 0.000
350026530 0.000
188586318 0.048
31926340 0.000
434101359 0.349
434102743 0.369
340782544 0.000
439399387 0.044
382201197 0.605
188629089 0.350
5642454 0.209
201230655 0.005
307920539 0.065
269741631 0.103
289576665 0.851
12773564 0.268
117549351 0.349
231912710 0.000
234331106 0.001
9666510 0.341
114851388 0.087
117548067 0.074
12724051 0.274
364589731 0.106
188580374 0.158
5655313 0.333
69811994 0.323
50311775 0.001
9215837 0.002
188587779 0.003
49620065 0.100
9210681 0.357
201230973 0.092
137797742 0.211
301927244 0.045
51994133 0.010
69744720 0.656
406404050 0.514
117626121 0.739
156015442 0.001
419052598 0.051
399571773 0.523
444154989 0.701
214661875 0.335
402044911 0.000
9066354 0.272
5611253 0.719
70775438 0.022
80427119 0.001
224275258 0.577
146364067 0.137
2761081 0.099
234330546 0.003
272362405 0.001
204378091 0.313
441464129 0.845
55297700 0.043
180145982 0.000
415969487 0.060
270622833 0.116
238009156 0.038
12822351 0.076
204320263 0.203
100103328 0.069
289579206 0.064
231739736 0.011
188618283 0.114
69856499 0.001
70775444 0.004
207171555 0.000
9062572 0.041
111183611 0.065
326446027 0.027
49556923 0.401
389627094 0.000
183532756 0.178
2733490 0.317
117546231 0.817
137801259 0.013
231836261 0.066
251860643 0.107
5774255 0.461
348844121 0.000
234512227 0.031
9699201 0.266
188572375 0.044
188597644 0.873
328010379 0.540
114806876 0.330
66439077 0.090
200670640 0.037
139300891 0.000
425998058 0.003
31507090 0.047
114807391 0.136
188594455 0.024
229115055 0.010
237979312 0.058
47318134 0.412
117546902 0.003
374907937 0.060
31945671 0.002
89501399 0.186
188585967 0.102
66467790 0.000
9727740 0.208
388200433 0.684
9053531 0.000
12421368 0.138
260637310 0.003
369964837 0.000
9789103 0.040
117548125 0.120
441463036 0.000
204325011 0.055
156001926 0.001
12723837 0.692
316881966 0.035
389869955 0.000
232080494 0.000
5778260 0.398
149448151 0.001
117610817 0.095
50475920 0.001
117613451 0.486
52057014 0.011
240716178 0.044
51994151 0.090
5716698 0.079
146800813 0.446
33945390 0.018
188598688 0.425
214657491 0.343
117612592 0.489
52381481 0.000
9000372 0.395
117547292 0.044
373524434 0.246
228383445 0.133
5656625 0.690
179444884 0.000
89503574 0.844
372908411 0.010
188579061 0.145
234497727 0.001
141485235 0.006
240849847 0.669
10001638864 0.001
4582581 0.339
220518205 0.143
188627855 0.041
12932472 0.200
169746148 0.056
69927798 0.221
382247545 0.004
246819640 0.400
228571295 0.662
389506866 0.189
280095204 0.006
115693593 0.160
419008988 0.110
5718552 0.193
206362828 0.794
66440835 0.006
141278793 0.000
5640827 0.811
5611510 0.484
246881948 0.027
204314418 0.181
5656273 0.005
149827103 0.045
382422822 0.000
141605825 0.003
89435397 0.711
204294903 0.063
441469550 0.693
326524142 0.172
150431451 0.000
70858664 0.077
114860797 0.000
406403609 0.503
402325321 0.829
434100375 0.087
349680450 0.026
391949050 0.000
117610908 0.334
169302340 0.099
114793559 0.217
188627947 0.584
2762734 0.001
262040737 0.460
214662112 0.010
5611540 0.062
111754985 0.120
20880349 0.753
49675259 0.062
169747162 0.119
150162739 0.030
388200404 0.068
246847384 0.328
2835809 0.049
114860802 0.000
102090493 0.001
114914116 0.794
111778442 0.899
188572910 0.594
204353394 0.180
188572611 0.514
308451655 0.024
33834919 0.006
238026918 0.001
92105304 0.113
137772694 0.299
69818045 0.200
160079027 0.010
52118539 0.001
326526690 0.439
373431424 0.000
149019615 0.020
9097153 0.214
419008589 0.288
80476311 0.001
92129618 0.619
204316818 0.145
2759404 0.123
262039691 0.106
238027988 0.437
111223018 0.305
238198919 0.017
117610901 0.295
180551039 0.010
51914609 0.011
49675574 0.050
308186100 0.261
388179664 0.000
120607386 0.000
402318160 0.530
66472976 0.080
204293515 0.382
188573406 0.563
251877261 0.087
255702698 0.033
204377533 0.169
66500521 0.103
261090103 0.000
146581024 0.766
146365906 0.766
102070925 0.001
240849772 0.018
9666264 0.494
117548464 0.594
229154273 0.000
229012683 0.439
204321468 0.382
141940964 0.098
69841352 0.047
49592248 0.373
69889468 0.255
302365138 0.026
201753428 0.082
231826005 0.000
27965400 0.763
137730531 0.000
220403688 0.103
69856570 0.292
434098700 0.020
308183851 0.032
70797580 0.049
8962460 0.104
9066757 0.772
201793478 0.011
220018619 0.888
382455766 0.003
89525404 0.123
169765199 0.007
146800935 0.117
200789080 0.001
281797999 0.002
434102197 0.077
5716897 0.112
179824056 0.001
237927494 0.073
206615536 0.021
149308175 0.000
326550958 0.082
207198373 0.024
9665279 0.884
9066007 0.141
13022634 0.000
201332589 0.000
201230657 0.004
228508510 0.235
27966468 0.004
240662532 0.668
92105496 0.043
350344573 0.000
117611599 0.024
47505203 0.405
374907894 0.016
188629876 0.590
165885819 0.009
206365865 0.513
426053233 0.089
188619460 0.329
197809278 0.000
204325183 0.395
237914635 0.000
111753101 0.235
402318830 0.553
206653451 0.708
262039482 0.874
434104930 0.210
364303108 0.048
69841556 0.165
55454650 0.023
20893053 0.072
5640281 0.161
240663435 0.178
289579915 0.059
281765016 0.000
30194903 0.080
8999959 0.282
434101013 0.000
313887021 0.129
246845712 0.277
419063522 0.698
166808378 0.050
209369851 0.394
369604771 0.062
30531434 0.000
183636348 0.001
224225152 0.055
89528753 0.084
439399101 0.693
152809652 0.189
232083054 0.002
434098865 0.145
55758110 0.001
49710993 0.099
9760363 0.300
77045173 0.173
183583240 0.003
439399635 0.003
355635449 0.000
149010599 0.018
52384181 0.000
419052491 0.142
388180054 0.018
444155547 0.171
175475243 0.000
209370614 0.240
9760675 0.098
146363997 0.146
139326161 0.001
12787109 0.193
183596880 0.000
27985216 0.034
402318304 0.139
259930647 0.000
55367995 0.002
421979184 0.000
188578644 0.217
55402206 0.038
399571561 0.393
31654033 0.000
47296675 0.064
434103595 0.224
220435188 0.000
409121059 0.174
146579329 0.163
204391239 0.068
166808429 0.120
49686952 0.761
111187135 0.052
402313427 0.147
146801458 0.001
158567761 0.056
270167625 0.044
426015733 0.030
9030182 0.395
40412372 0.015
183587820 0.000
328010046 0.341
9667133 0.043
63695563 0.546
116880114 0.000
140636418 0.000
207138022 0.002
69910936 0.358
306773103 0.000
188569990 0.111
441467637 0.614
5654083 0.259
69927583 0.590
41480471 0.561
188618764 0.686
313933043 0.620
254293280 0.207
151892446 0.001
308184415 0.016
188619438 0.469
246855242 0.000
188586041 0.093
80452557 0.000
251877262 0.568
434100362 0.081
140975023 0.000
262110525 0.433
12378773 0.633
49622302 0.124
9033199 0.651
204316643 0.650
137797147 0.151
69891093 0.093
137773072 0.232
183802746 0.013
47380760 0.021
231287547 0.089
399571769 0.077
441461373 0.090
401840644 0.000
441460692 0.262
117549050 0.073
65289424 0.010
439398381 0.723
52057582 0.093
254301883 0.080
137766240 0.827
300998234 0.058
137796661 0.078
175344176 0.001
30195055 0.028
9003746 0.137
12421284 0.008
149303335 0.038
228613645 0.363
49604921 0.337
117549675 0.029
279648254 0.000
9632613 0.301
220568133 0.135
316781560 0.033
111750213 0.123
2762586 0.260
441053848 0.050
2836742 0.127
50346356 0.025
169766936 0.377
117613033 0.057
146799166 0.060
228382141 0.376
9097626 0.067
204375193 0.535
228381841 0.099
441052169 0.265
31509232 0.000
419011027 0.638
165886734 0.003
381974958 0.047
89503691 0.572
469936117 0.237
188580308 0.112
262107858 0.002
188622083 0.001
146163630 0.282
69842124 0.276
2758451 0.017
304056132 0.000
33913218 0.000
70744666 0.000
62440349 0.149
92136299 0.000
197879504 0.000
251877264 0.099
224280947 0.001
117613062 0.062
146579294 0.061
204377846 0.295
140998907 0.012
8990693 0.553
9003375 0.093
232081093 0.030
401983855 0.105
251822140 0.146
89435257 0.765
270653386 0.192
9727662 0.390
238890724 0.000
12770256 0.568
55399956 0.026
373524227 0.255
141713380 0.000
33949166 0.388
423610658 0.147
114913360 0.302
270186536 0.025
229091388 0.051
231012158 0.413
204294540 0.003
404800856 0.000
5633248 0.274
206283065 0.407
49678117 0.076
55664215 0.119
70846558 0.155
120415643 0.036
9097778 0.275
434096147 0.052
267115786 0.000
280053537 0.001
2759034 0.335
149499835 0.035
166738584 0.000
300013260 0.002
47390247 0.110
415967397 0.000
270622737 0.147
66497577 0.168
434096948 0.162
355766804 0.071
332509767 0.000
207134297 0.029
402113055 0.000
66420160 0.080
12967833 0.566
31652625 0.001
55402528 0.000
9063479 0.487
111778550 0.813
49619977 0.413
31745940 0.001
364305622 0.000
441490252 0.096
204315481 0.201
140827714 0.000
111189652 0.086
12724230 0.327
370327058 0.609
204352964 0.707
393031178 0.083
12471304 0.014
207089217 0.889
140690403 0.002
5655834 0.000
138706851 0.499
69817116 0.080
219342051 0.083
188618351 0.065
234526939 0.005
5727401 0.229
204324035 0.521
80468253 0.000
66358261 0.031
425465916 0.165
12822889 0.007
381189230 0.000
336731076 0.182
237915533 0.000
326525942 0.003
69889004 0.764
9006754 0.089
326477108 0.361
145964092 0.296
382159928 0.006
259961621 0.021
229137237 0.002
204374660 0.512
145962416 0.574
12787783 0.008
30400251 0.082
2836604 0.079
220398554 0.265
197891831 0.004
197802880 0.000
197831230 0.000
8998175 0.001
101962570 0.002
278823401 0.000
270167891 0.163
8990360 0.718
276863537 0.108
111752109 0.025
439399394 0.752
188627000 0.339
9062671 0.843
204317636 0.025
406405426 0.177
47425664 0.247
9108687 0.426
49689962 0.118
251840507 0.037
382266319 0.000
40406720 0.140
183077806 0.000
141766509 0.000
27973284 0.366
5716635 0.280
349273300 0.187
145964178 0.200
220565780 0.005
47510648 0.290
66376192 0.003
228571271 0.542
228507503 0.029
137806166 0.266
234506344 0.000
426015527 0.071
328009391 0.376
114806780 0.053
394701244 0.932
41031233 0.021
65262482 0.296
117611153 0.190
9030073 0.000
262039694 0.737
137731878 0.852
100101160 0.000
259900755 0.000
281728693 0.002
188580317 0.262
70742156 0.397
382030904 0.000
114793427 0.162
179121651 0.009
238181995 0.009
183528805 0.206
259974864 0.000
204317347 0.374
47296267 0.645
419008216 0.692
238869515 0.056
262112566 0.128
34037305 0.000
155946382 0.000
229143092 0.000
326524476 0.024
49735441 0.138
326479930 0.561
31654824 0.001
188626304 0.271
111756010 0.101
240720764 0.455
270409578 0.764
5655416 0.156
228507309 0.014
5718629 0.192
