187207799 0.019
316380209 0.047
438600266 0.102
350141132 0.717
453548897 0.656
38461950 0.000
316377193 0.000
389570906 0.022
438600227 0.110
327166073 0.000
340535396 0.000
281630642 0.125
303875925 0.012
357377663 0.835
149059666 0.000
260997612 0.002
273906677 0.224
403476798 0.000
189784583 0.000
397933965 0.056
159754926 0.055
438789387 0.000
241488097 0.014
30538419 0.158
272286658 0.105
323729998 0.101
415025937 0.014
209968227 0.119
314765701 0.030
288693273 0.058
258328060 0.036
296682433 0.000
258450901 0.002
304169661 0.000
396157843 0.011
438779607 0.000
369498474 0.000
270903974 0.023
167366890 0.001
460279196 0.062
467446034 0.087
381617935 0.000
67013276 0.124
391924970 0.000
453798673 0.068
260947234 0.001
38681138 0.354
456918549 0.003
311197387 0.027
360526289 0.067
264257250 0.000
350583401 0.113
303540619 0.225
303089205 0.187
398231678 0.011
296686565 0.061
358111553 0.354
242283857 0.000
448576619 0.000
323417302 0.000
398924747 0.004
453262706 0.032
179029690 0.038
127240034 0.001
454401479 0.057
290669796 0.001
287564436 0.003
189770526 0.000
312200504 0.072
401441325 0.084
243138862 0.000
336795328 0.002
438622864 0.063
418580639 0.000
170666125 0.000
159867660 0.035
452576314 0.003
396587983 0.001
149250423 0.222
162403813 0.000
122055838 0.182
30440081 0.000
332339246 0.014
350140621 0.000
72683453 0.000
394238182 0.000
159365336 0.103
177078645 0.000
308352836 0.000
245299513 0.000
457517178 0.005
429388929 0.000
335018244 0.000
321462751 0.001
374229979 0.048
356902936 0.001
257719889 0.000
397937192 0.024
363624907 0.002
127870741 0.000
311765614 0.097
332995996 0.009
245176485 0.000
300009837 0.000
287666957 0.058
329887559 0.001
466537233 0.586
287351969 0.000
392624338 0.019
382266319 0.000
395832446 0.553
245407792 0.026
322110829 0.012
75969482 0.022
438627878 0.011
361954901 0.001
245168917 0.000
396096922 0.004
288894386 0.050
304217305 0.000
405607114 0.044
243560868 0.000
243307972 0.000
309717510 0.114
395066432 0.000
38507185 0.475
304160730 0.000
243667387 0.000
159041582 0.000
241567764 0.001
287869130 0.000
245200452 0.000
438626904 0.192
441164702 0.429
73596576 0.000
307265346 0.095
453814362 0.004
262705705 0.325
313651507 0.083
315658009 0.062
253182170 0.001
446268025 0.000
296592887 0.004
260077883 0.000
83660336 0.089
322407841 0.003
258384761 0.050
394814420 0.001
289488721 0.001
295349098 0.008
241550038 0.041
38292699 0.043
245407627 0.000
245269575 0.000
336795349 0.004
248186539 0.000
319125942 0.001
329098172 0.008
280246874 0.000
288062396 0.081
308968440 0.064
334661876 0.001
170666126 0.000
78926962 0.000
243564368 0.126
185547686 0.016
243164311 0.000
179741498 0.004
83916865 0.254
159261176 0.088
31309296 0.032
127200055 0.002
270554981 0.000
49321845 0.000
373887653 0.127
425453374 0.066
245260991 0.233
308276093 0.071
83937952 0.099
359288962 0.088
141027216 0.000
398441810 0.020
337229676 0.102
307998760 0.000
359395338 0.233
253274666 0.041
307634709 0.000
338979642 0.060
361747399 0.000
390363142 0.013
392203272 0.057
394773356 0.001
453729115 0.000
412073653 0.000
306507330 0.606
241573461 0.358
438622853 0.038
241573418 0.062
243305118 0.001
363252445 0.006
276003237 0.000
374434176 0.000
453653001 0.000
68601915 0.000
438618616 0.000
121409631 0.024
243563657 0.000
241449573 0.304
334077519 0.161
338138825 0.000
241414159 0.000
399560479 0.001
404017290 0.064
361153707 0.018
454959739 0.036
325787755 0.010
357297310 0.035
331903338 0.000
169468311 0.000
328337472 0.020
438595114 0.214
370293438 0.000
241549673 0.197
394710986 0.100
336929758 0.019
243138874 0.000
320546609 0.348
390685380 0.001
333457468 0.000
334027530 0.002
83917214 0.011
357787848 0.000
327920388 0.034
35677182 0.000
241507269 0.000
401439262 0.000
374051206 0.000
360925409 0.001
322921069 0.035
309792227 0.000
243157464 0.000
395419985 0.131
243423655 0.000
454403669 0.710
310392224 0.000
179222353 0.254
438600079 0.002
456896215 0.001
241447750 0.000
428792011 0.237
371316509 0.000
361739525 0.001
467192461 0.001
329926224 0.083
420010632 0.004
337151342 0.060
363005671 0.030
288458469 0.002
243220118 0.000
334664993 0.030
294654856 0.008
271727138 0.000
210861041 0.000
394396270 0.129
73794324 0.000
294092788 0.195
374324221 0.132
304169565 0.000
296056114 0.016
245485446 0.041
241408043 0.000
276218282 0.034
140974951 0.145
266936252 0.000
170666390 0.000
359528830 0.148
452594256 0.344
278294564 0.040
245163393 0.000
306801970 0.002
167856579 0.000
61151594 0.042
306736342 0.056
280246725 0.000
308276234 0.056
307226843 0.042
160444405 0.110
304215324 0.003
454786439 0.001
334194160 0.000
289154839 0.017
165265489 0.073
321460555 0.243
303362536 0.000
241567772 0.002
61078664 0.070
68601900 0.000
309489493 0.000
326666669 0.017
319936124 0.004
243667408 0.000
454790769 0.009
425537365 0.033
193140678 0.008
276572339 0.133
241286246 0.028
159830264 0.032
372604398 0.090
262847037 0.078
443691448 0.322
329971777 0.000
189001396 0.000
148018369 0.000
411645551 0.000
440914909 0.006
30495120 0.035
464896062 0.002
412167517 0.000
54104623 0.008
371721229 0.002
460792615 0.013
451189008 0.143
453458740 0.000
241345941 0.020
412320725 0.000
375055711 0.000
245097081 0.000
382331952 0.043
245198834 0.000
241676100 0.000
169474741 0.001
303606984 0.054
453474443 0.000
245075125 0.001
326869611 0.061
425510770 0.000
76278187 0.000
321961661 0.000
307778518 0.001
357816227 0.000
329463122 0.018
141215492 0.000
466983125 0.000
319506892 0.018
394835990 0.068
312313057 0.039
127379708 0.000
327744968 0.000
344815134 0.043
288889274 0.000
169155281 0.001
350742968 0.001
70111430 0.125
329537327 0.000
411265382 0.005
241746655 0.001
275777871 0.000
299948105 0.012
363848042 0.000
208607420 0.001
128837378 0.000
379343981 0.003
317825422 0.003
371100784 0.000
166525544 0.000
73794488 0.039
241288608 0.025
165910245 0.000
331623551 0.036
243341756 0.116
257719891 0.000
307569245 0.000
361532587 0.001
300705083 0.021
390473202 0.037
129426823 0.075
381401811 0.000
275917353 0.006
261273034 0.000
280940510 0.024
75868279 0.031
305893480 0.088
446389157 0.000
334105403 0.001
382661446 0.000
120016 0.000
395298597 0.029
395933053 0.065
381036788 0.216
241676356 0.043
419913225 0.071
438599983 0.011
160710434 0.064
422093767 0.001
399842563 0.000
313066640 0.048
360922945 0.006
131351519 0.017
123293191 0.012
375039050 0.000
453744553 0.027
160397448 0.000
404340330 0.001
242112846 0.001
325729000 0.001
165998109 0.307
245227618 0.000
306389282 0.000
342295285 0.005
244902471 0.023
242536601 0.010
303608829 0.033
334522262 0.001
379543855 0.000
401409029 0.010
382190129 0.000
253944321 0.000
440399762 0.001
395008732 0.000
322607823 0.003
339507249 0.003
318670307 0.002
185856076 0.059
452347855 0.000
453839412 0.074
166876069 0.002
231075361 0.000
411259552 0.005
372743971 0.114
454648896 0.004
243589382 0.004
75614682 0.000
40716786 0.012
325004771 0.007
167367057 0.001
148415347 0.000
242164890 0.049
289489464 0.000
307715737 0.000
398642177 0.001
404340264 0.001
359690537 0.000
418464404 0.001
460684262 0.000
37580011 0.000
398788323 0.000
102310532 0.002
276572341 0.086
168171455 0.000
292424825 0.000
245066605 0.001
404181236 0.009
327147944 0.184
300327061 0.000
356376644 0.000
324970357 0.000
272805517 0.363
243453346 0.000
162398330 0.000
127794054 0.000
128349752 0.067
141123474 0.212
465275694 0.029
438595660 0.000
453791512 0.000
262244962 0.000
319643741 0.000
438603752 0.036
121848988 0.989
414527598 0.069
328470127 0.036
438597487 0.000
441822270 0.059
467344864 0.002
374235233 0.000
391438059 0.001
263537265 0.000
386357583 0.051
323972576 0.056
441005494 0.001
242471693 0.000
375899933 0.002
297458136 0.000
245355278 0.009
405567532 0.005
257288306 0.000
140635831 0.000
287675407 0.000
241448692 0.102
363621962 0.013
148312695 0.000
12132209 0.018
304027124 0.000
1949 0.108
454360813 0.000
398295108 0.000
303883001 0.001
253423009 0.000
350822904 0.027
379345136 0.000
302953127 0.016
271108899 0.008
127724619 0.001
372018490 0.098
465827715 0.000
36864744 0.061
331333287 0.002
243426848 0.043
394599745 0.000
410590722 0.022
309792228 0.000
141806774 0.001
220435188 0.000
208209783 0.006
241618328 0.000
160741887 0.031
325975545 0.000
248149166 0.008
209969858 0.067
241475466 0.005
308352852 0.001
453817672 0.001
339040501 0.004
438740320 0.001
291671948 0.069
281543864 0.000
415096113 0.020
272316785 0.001
67527865 0.015
425437360 0.000
38461331 0.000
411793408 0.048
304456356 0.000
446364601 0.000
261102114 0.000
297458138 0.000
372812511 0.002
453728832 0.014
148778890 0.116
460954466 0.010
438597367 0.071
158854980 0.014
375315424 0.000
404232478 0.080
129051400 0.055
466452069 0.038
340734615 0.000
377944555 0.055
457316654 0.002
438727747 0.001
312432410 0.008
177078644 0.000
241357984 0.167
243499549 0.002
248069600 0.000
448958027 0.001
278544459 0.058
242335205 0.001
36482458 0.059
287603482 0.001
336945433 0.000
335845674 0.001
161581 0.157
334399995 0.001
404275117 0.000
271725679 0.553
325161051 0.000
360474354 0.095
244941824 0.001
148778915 0.080
379336219 0.062
36746826 0.000
412167472 0.000
450472668 0.001
127724652 0.001
371712232 0.000
355859286 0.000
395299299 0.009
401346374 0.002
160630509 0.001
406440730 0.009
243504997 0.000
163653118 0.001
207793127 0.000
113275628 0.014
38846471 0.000
241379177 0.001
453932567 0.187
306472975 0.000
209299090 0.000
341788472 0.001
327427017 0.079
357159562 0.000
316377154 0.000
167214691 0.000
30696333 0.059
140635826 0.000
287566061 0.001
73305317 0.026
349681272 0.000
318921458 0.000
245299286 0.002
319357268 0.056
126970749 0.000
89830389 0.000
219889860 0.000
318293837 0.000
169996360 0.815
61223314 0.034
253533655 0.070
334133498 0.000
443268012 0.000
68600183 0.000
244975066 0.000
306899496 0.000
148013673 0.011
269677845 0.032
280850354 0.000
306794588 0.031
364670992 0.002
129125475 0.000
287575084 0.000
244906435 0.000
398947862 0.006
294668985 0.000
83448157 0.011
149543546 0.195
242471667 0.000
374324165 0.263
420004086 0.014
440878347 0.308
244873637 0.000
412321106 0.317
443357836 0.011
425539255 0.029
258520052 0.004
374750120 0.078
55661154 0.001
374846554 0.002
453780276 0.078
47831368 0.000
248113204 0.035
453600324 0.001
161156577 0.000
343613098 0.000
189001401 0.000
453891980 0.005
396591085 0.000
143705771 0.007
245433421 0.000
453588326 0.000
179188481 0.530
310276502 0.038
208704579 0.000
411403498 0.000
243530138 0.000
176931464 0.009
303774610 0.000
446774680 0.016
241273235 0.000
243142733 0.010
241857778 0.057
398233798 0.014
379546090 0.006
394282781 0.000
457466586 0.578
334566992 0.000
329299394 0.037
277104292 0.000
308965670 0.000
333978361 0.061
189240911 0.002
440859801 0.000
389617250 0.011
457316703 0.002
258977591 0.000
453504085 0.001
464929343 0.000
449618267 0.000
438626986 0.158
75440475 0.029
460279307 0.110
308989239 0.001
438596226 0.047
464903729 0.000
395616778 0.012
398004788 0.144
210681110 0.000
328712158 0.196
163647738 0.000
30804099 0.000
208846364 0.000
454673706 0.073
121409650 0.012
401185510 0.000
241550266 0.117
464935823 0.000
342718699 0.000
381067019 0.001
290794878 0.020
326170090 0.008
359483726 0.068
326436438 0.001
399020143 0.000
243217486 0.000
107402294 0.129
465501650 0.000
453484654 0.000
446369229 0.007
453763587 0.123
260504148 0.032
405520701 0.997
179216639 0.000
267930566 0.155
278990207 0.000
245268519 0.107
451280324 0.000
243357924 0.000
390362988 0.015
464980758 0.000
245029876 0.000
245353998 0.000
394800530 0.000
453515133 0.061
363880519 0.000
393939233 0.000
291763581 0.000
107397783 0.000
372372029 0.000
242125083 0.000
363659952 0.013
336461956 0.027
454894952 0.000
396368018 0.000
390959209 0.445
287354389 0.113
121931664 0.046
243384205 0.000
179222369 0.228
143421378 0.002
243639400 0.000
379543930 0.000
357105294 0.018
303937476 0.033
337708191 0.000
376037652 0.000
390107021 0.046
160815529 0.083
449667161 0.000
455415223 0.036
420011165 0.002
295194455 0.000
276131938 0.023
392632560 0.003
453097571 0.000
320396836 0.000
176958082 0.000
315661057 0.030
360411210 0.245
169786451 0.002
159663835 0.036
208564874 0.000
306389350 0.000
418427170 0.000
170660313 0.000
335640839 0.000
260504446 0.012
369969089 0.000
441828418 0.044
107457762 0.005
454894980 0.000
38908459 0.017
166235631 0.001
243527986 0.004
6177955 0.180
54173216 0.000
438644556 0.076
269862524 0.000
369498444 0.001
241325916 0.170
466328787 0.000
272096427 0.000
314731942 0.003
343301519 0.001
366247697 0.032
336057590 0.014
438622757 0.001
243268328 0.055
166445496 0.000
438644662 0.160
166557692 0.000
449866737 0.030
185831959 0.000
271219706 0.454
317250858 0.002
278991366 0.036
120789880 0.001
307035904 0.000
243294866 0.000
361486986 0.000
363115450 0.003
449071675 0.000
125925976 0.091
465930626 0.009
309272718 0.014
343236873 0.081
359621166 0.000
468016986 0.000
327436928 0.000
425387020 0.101
296356353 0.000
30110486 0.023
241448442 0.000
382519411 0.000
270304430 0.000
141347566 0.000
125404095 0.144
360948715 0.000
318670446 0.002
449533322 0.000
453588295 0.000
295293694 0.019
320401159 0.054
316377248 0.000
90266438 0.000
292424773 0.000
330124054 0.021
160630500 0.028
399147611 0.010
136328 0.000
466537247 0.362
46097201 0.268
404381400 0.000
179873283 0.000
179446500 0.000
438598114 0.001
242575057 0.000
425437366 0.000
349155860 0.001
271696326 0.110
241637074 0.000
399650539 0.007
363619576 0.000
242410549 0.000
334293610 0.001
293170655 0.001
313651527 0.062
413496936 0.000
209733776 0.000
307527898 0.062
335939257 0.032
300379894 0.126
312586741 0.010
220435641 0.000
209299157 0.000
68598778 0.001
370194844 0.000
324123127 0.761
455351477 0.000
379446787 0.009
127663187 0.000
166185749 0.000
448328170 0.000
276572370 0.644
436268106 0.001
166876372 0.000
453858101 0.046
270903781 0.039
420012481 0.003
287425303 0.000
438694531 0.001
148264694 0.000
332754530 0.039
241297522 0.000
241371807 0.001
366318698 0.001
131498769 0.005
276218115 0.002
464980744 0.000
275772008 0.000
332999072 0.000
299898045 0.073
167534372 0.000
47706930 0.000
241576948 0.001
334105535 0.004
243499551 0.001
363656707 0.000
390958994 0.380
148777351 0.011
31094064 0.110
394225709 0.000
272095768 0.000
359830254 0.000
371713655 0.000
242505466 0.000
245271576 0.022
241409213 0.059
361223465 0.000
404804908 0.068
453490431 0.000
272434340 0.079
453742424 0.054
292424858 0.000
294870579 0.052
127248520 0.049
305211304 0.002
278990211 0.000
374015052 0.137
454669821 0.000
161156362 0.107
243254628 0.003
260995797 0.000
294153025 0.000
304180289 0.000
241361870 0.000
460170200 0.001
308278848 0.001
258386179 0.007
404236168 0.000
305716657 0.000
326433141 0.002
304024186 0.226
371316713 0.000
453594329 0.000
241531050 0.051
292204693 0.021
162403815 0.000
412176400 0.100
306389269 0.000
328768317 0.000
450851360 0.009
260659573 0.000
323732018 0.000
338885052 0.026
159261184 0.089
243158635 0.090
335451061 0.001
303094235 0.000
278020315 0.224
453784677 0.000
438643304 0.000
453783311 0.000
395856764 0.146
468134034 0.000
438626932 0.128
466773870 0.071
370494591 0.001
245339889 0.000
270623336 0.000
163647974 0.002
375057695 0.000
258524892 0.000
344633419 0.008
437402393 0.079
397524084 0.000
321060227 0.000
337230620 0.000
243429781 0.024
361959080 0.095
326284504 0.149
241406151 0.000
453652990 0.000
331333262 0.001
73454470 0.000
365815777 0.088
460694696 0.262
356836641 1.000
241676128 0.003
245025702 0.000
404012087 0.000
355860976 0.019
144644745 0.000
443150431 0.126
451827059 0.001
149155516 0.027
121793756 0.000
383767896 0.136
311046204 0.012
334105519 0.007
438628052 0.001
121795821 0.198
261095463 0.000
375315369 0.000
308470677 0.010
438595649 0.001
450417035 0.121
336941054 0.001
382190135 0.000
383635762 0.000
243605824 0.000
334045602 0.001
328107292 0.000
307735642 0.114
350025475 0.001
460218407 0.006
245132465 0.086
438635548 0.046
457050668 0.011
270192563 0.090
350142443 0.000
454665792 0.001
357040944 0.022
448338067 0.000
243608625 0.000
260474849 0.000
258450911 0.002
335640849 0.000
127315611 0.000
449887559 0.000
438595110 0.199
453757109 0.028
129191646 0.000
394828126 0.032
47831361 0.000
394836260 0.156
454668277 0.105
245000516 0.001
441092162 0.069
54450653 0.035
128830794 0.045
335943556 0.063
149541523 0.030
336949299 0.001
241360022 0.010
438600021 0.006
405086592 0.000
365713413 0.002
243158644 0.098
241502056 0.018
412085611 0.074
245407612 0.000
396491901 0.003
161162168 0.000
262280622 0.000
72641814 0.000
361016489 0.000
357661059 0.212
304090760 0.106
269862557 0.000
395513708 0.013
329298839 0.000
333972083 0.001
383486639 0.005
243608648 0.000
401147667 0.000
333685630 0.020
324098353 0.013
322950994 0.068
241327844 0.014
61451381 0.102
209928028 0.016
325157609 0.000
452525910 0.000
208607418 0.001
451020368 0.003
48663044 0.292
54340980 0.010
398293421 0.014
333980522 0.000
313308243 0.001
273279278 0.030
245433768 0.001
440864304 0.042
371864153 0.037
438824900 0.001
243137974 0.000
448913571 0.040
243158633 0.077
410452640 0.001
438680031 0.000
243221377 0.000
395931476 0.000
243213414 0.000
339743568 0.072
60859019 0.122
260418575 0.000
454533821 0.048
328063317 0.004
361870012 0.083
307220361 0.002
438629595 0.000
242491396 0.000
241708211 0.077
370958625 1.000
395746135 0.025
453784675 0.000
243416032 0.000
261271140 0.065
383934242 0.029
127791473 0.001
359208942 0.003
466463654 0.018
128120783 0.152
313042804 0.000
363195866 0.001
314906914 0.269
394563266 0.000
311044522 0.018
308970719 0.059
258914891 0.001
159261187 0.108
394903837 0.000
339959709 0.000
160158357 0.034
453747000 0.000
467140195 0.001
420097388 0.010
438597479 0.015
306550582 0.016
306899512 0.001
355311808 0.082
465551849 0.016
107654385 0.131
330436975 0.000
255546551 0.000
360199468 0.000
248107959 0.003
170322859 0.000
335532749 0.002
307219156 0.000
466943350 0.000
390839964 0.014
468203162 0.043
441832171 0.036
291763616 0.000
189001411 0.000
259534836 0.042
438597518 0.013
465595913 0.004
167306990 0.101
76327967 0.037
163040889 0.002
454710867 0.000
244998992 0.014
396466412 0.017
314230779 0.000
320852063 0.000
243608638 0.000
319643770 0.001
401434595 0.002
438704908 0.063
453488991 0.000
411126750 0.053
272394090 0.169
373042375 0.061
454500065 0.000
331500934 0.001
323604438 0.070
140827714 0.000
359308015 0.047
241357964 0.138
243609152 0.023
349484636 0.000
276004385 0.002
302800926 0.031
438597274 0.068
457749063 0.092
269862546 0.000
404153364 0.015
245026933 0.004
48664307 0.006
88855218 0.001
336926601 0.015
241505492 0.001
370375257 0.000
335133011 0.539
360337009 0.000
376811535 0.000
126909098 0.000
38825446 0.016
150145456 0.001
356695365 0.000
311765674 0.138
322228795 0.047
169780124 0.000
253277447 0.000
448461399 0.000
412073707 0.000
336719458 0.001
371938322 0.000
300015468 0.000
163041160 0.000
438622661 0.003
328985028 0.013
411476058 0.000
357779639 0.001
160828923 0.002
392790803 0.054
303031524 0.028
179289643 0.000
319995207 0.001
380127570 0.000
379870458 0.019
308423511 0.057
454961345 0.117
333382424 0.000
455001254 0.147
37447793 0.000
243642617 0.000
468096455 0.003
448704956 0.024
275921029 0.001
448085158 0.039
168170018 0.001
370114473 0.270
438603700 0.081
453782701 0.000
425388001 0.003
454648883 0.004
333972112 0.001
438595103 0.146
156463 0.203
337230614 0.000
241281651 0.000
356486545 0.000
241840456 0.067
242204618 0.626
465075752 0.032
449532871 0.011
148214164 0.000
438643394 0.000
189785899 0.000
261099675 0.085
288014589 0.040
242576690 0.105
457050591 0.005
394501301 0.409
258914793 0.033
312587375 0.000
453614475 0.000
358165133 0.000
316289353 0.370
451286320 0.000
321177799 0.006
241607110 0.361
179961139 0.033
452665385 0.030
241365818 0.002
73086446 0.002
241536749 0.002
245293962 0.000
374432601 0.085
294822088 0.001
392661362 0.035
336941023 0.001
333738436 0.070
245361914 0.163
310408066 0.020
315847653 0.000
398319970 0.009
318921559 0.000
278052860 0.000
371114652 0.003
245332908 0.000
438587105 0.000
127668572 0.000
395402812 0.000
451404690 0.065
245027816 0.000
363780007 0.001
434801190 0.071
231075353 0.000
464980838 0.000
430833325 0.000
127379701 0.000
452001235 0.003
243330649 0.002
442839525 0.022
453774163 0.003
61080687 0.064
131410101 0.000
159709874 0.255
394944486 0.010
342083137 0.001
36482645 0.008
121626462 0.005
245388407 0.119
287721165 0.000
76703919 0.547
356814034 0.000
453394781 0.020
317944290 0.038
313040485 0.000
242172297 0.108
38461939 0.000
328107294 0.000
378848856 0.009
46022735 0.145
36487305 0.004
425510791 0.000
242567260 0.044
307311706 0.000
267845949 0.002
379546144 0.040
292561518 0.001
337230612 0.000
380006280 0.000
425539269 0.027
357159566 0.000
392564950 0.000
243221369 0.000
406435676 0.031
438737895 0.000
231091277 0.616
374050212 0.020
258515572 0.000
319990488 0.000
329972108 0.000
358078139 0.057
363658219 0.000
438622891 0.051
334329296 0.006
359700981 0.000
355536684 0.000
464929258 0.000
160628568 0.001
438729526 0.051
243642628 0.000
68477 0.241
361222797 0.000
248218095 0.000
364671012 0.002
243294860 0.001
203451310 0.149
361739523 0.001
162404187 0.000
392784636 0.000
361739524 0.000
219959889 0.083
271512641 0.001
335944165 0.067
304426694 0.000
440958484 0.000
438603369 0.001
245296390 0.005
300745427 0.001
30661147 0.063
253108702 0.000
245066630 0.001
329916663 0.000
339106916 0.053
292237194 0.001
453617270 0.052
438591270 0.074
457050605 0.005
382529583 0.000
330858949 0.001
319489232 0.002
438836823 0.003
371714206 0.074
320995673 0.000
467167672 0.007
328332139 0.068
163647976 0.002
35676953 0.000
354996202 0.022
242183386 0.120
323623130 0.040
379336211 0.084
121311635 0.001
388675185 0.000
359144292 0.032
356360739 0.000
363352053 0.000
370963563 0.071
466459829 0.087
335348249 0.026
403906003 0.001
438643382 0.000
169468310 0.000
440859811 0.000
454665773 0.001
363852642 0.000
54176197 0.198
360480442 0.000
75934989 0.066
164582225 0.008
375683617 0.036
61452992 0.016
163653885 0.073
364399388 0.008
394352030 0.004
306496735 0.000
243527128 0.046
253142468 0.010
355156368 0.001
461306293 0.068
361152033 0.001
392738600 0.000
395056522 0.067
145482677 0.000
374324160 0.252
398788332 0.001
390065915 0.001
179133128 0.000
253195832 0.055
395226916 0.000
396590624 0.000
340732791 0.009
185817946 0.000
187206778 0.019
413110093 0.061
330858900 0.000
334128315 0.002
119470120 0.021
319796356 0.000
460013491 0.000
404333785 0.000
55389895 0.025
399139317 0.004
362999427 0.000
244874639 0.000
380562725 0.000
242230865 0.000
109962 0.092
362999422 0.000
241594233 0.000
327549932 0.027
296356376 0.000
357540562 0.000
303162873 0.107
207854052 0.000
297458121 0.002
313040629 0.000
287952644 0.342
448463002 0.000
185249211 0.006
243322708 0.115
248218089 0.000
461110410 0.133
361457053 0.000
307713745 0.161
241483531 0.000
241315667 0.005
323732016 0.000
48536941 0.002
242154311 0.001
362080634 0.024
360480170 0.047
404800856 0.000
307786864 0.159
48359278 0.047
245356393 0.001
319512604 0.038
307313361 0.202
379336167 0.088
276350731 0.000
325644966 0.000
243294900 0.001
348958661 0.000
457466673 0.104
166618812 0.000
399148048 0.027
443268067 0.000
360948725 0.000
410447093 0.094
242417553 0.000
305452544 0.690
299035112 0.577
248187410 0.000
438600017 0.042
388129971 0.004
73086433 0.090
394225728 0.000
159078896 0.058
377777715 0.005
290675887 0.034
411683020 0.000
30661178 0.020
243639412 0.000
325244217 0.454
394406113 0.028
307162607 0.000
453763612 0.005
453503503 0.000
438799862 0.000
326180013 0.075
282163373 0.000
243530128 0.000
454583977 0.000
363540194 0.038
244907192 0.304
460738158 0.000
419905730 0.041
241413903 0.316
425454890 0.028
359908194 0.000
359395579 0.153
160892045 0.014
141605799 0.001
339497511 0.006
438597369 0.091
219196253 0.029
243639386 0.000
461125552 0.002
209299099 0.000
308423719 0.247
438644372 0.051
339813294 0.000
438642031 0.001
361295055 0.000
160442179 0.000
438603393 0.005
335006834 0.054
381037540 0.663
443397417 0.000
398957240 0.000
320397045 0.000
250339829 0.000
308979313 0.000
401873346 0.000
295288644 0.389
121409658 0.022
261218505 0.000
258520055 0.003
370705040 0.069
382516738 0.000
394838014 0.000
307527931 0.098
107288522 0.053
278330904 0.080
438603756 0.036
301867666 0.000
401434572 0.001
334564421 0.036
359394358 0.352
270676339 0.025
325646039 0.000
312718450 0.000
461110021 0.000
356368657 0.000
167438860 0.080
356527977 0.004
453798635 0.200
394675643 0.000
242561760 0.033
334420614 0.000
401409031 0.000
296356422 0.000
244871527 0.007
395414973 0.009
465788424 0.076
160482026 0.000
280947120 0.001
382661393 0.000
335140799 0.002
376811572 0.000
381066768 0.218
324283189 0.111
361487033 0.000
376333376 0.109
338675088 0.130
259534056 0.000
440874740 0.110
394263644 0.035
303882993 0.000
241570618 0.000
121311165 0.035
320396883 0.000
304171238 0.000
245266138 0.112
297096047 0.003
211517975 0.001
355536700 0.000
456897148 0.000
307743045 0.000
241378421 0.000
399842462 0.000
396590588 0.000
383348343 0.000
465787236 0.096
307226813 0.054
320995659 0.000
401047683 0.028
209299211 0.000
162398251 0.001
190280919 0.000
241448661 0.082
241703908 0.001
111840166 0.004
225797732 0.003
438833123 0.000
167163980 0.000
210679469 0.001
355860548 0.000
374679452 0.012
394354529 0.000
451038402 0.029
166413972 0.000
260191482 0.000
391927302 0.107
242530395 0.022
189770528 0.000
438603865 0.016
339632976 0.000
449466076 0.028
395930183 0.000
73794495 0.017
378712544 0.030
241542471 0.148
292210574 0.001
309625135 0.000
208846363 0.000
457466247 0.000
309148925 0.102
55555248 0.000
304169537 0.000
300814564 0.149
315993329 0.003
400631207 0.000
55389523 0.000
245449939 0.123
379543852 0.000
220478622 0.057
448661990 0.000
245029758 0.001
450841263 0.062
385631048 0.000
441263294 0.019
242419347 0.000
457189995 0.002
168171229 0.010
243162929 0.000
411480288 0.000
241535314 0.002
159881179 0.000
241307255 0.035
468134030 0.000
371713663 0.000
243388125 0.000
330009032 0.000
442497935 0.014
30719980 0.116
453518262 0.000
308843968 0.055
334129021 0.033
241511958 0.011
60857661 0.048
281018614 0.000
302790622 0.050
364398309 0.123
438596069 0.127
208846316 0.000
372306577 0.023
425543736 0.000
262722070 0.001
394830440 0.017
390453626 0.000
286499310 0.000
242418584 0.000
241299051 0.000
393350538 0.058
334242215 0.000
451390150 0.027
307998999 0.032
451286325 0.000
36746660 0.000
399842474 0.000
187214463 0.004
360407417 0.000
405554315 0.000
61527959 0.080
438633574 0.002
68283526 0.001
286646301 0.017
359832303 0.000
361535600 0.000
37447869 0.000
127027139 0.035
243606472 0.000
466255689 0.003
451008359 0.000
366357548 0.000
318671993 0.001
323622880 0.000
357015970 0.000
307575984 0.000
127315614 0.000
314317330 0.015
148648322 0.023
242471686 0.000
304217289 0.000
401442068 0.001
451369159 0.000
88856231 0.062
436998568 0.005
321304241 0.000
243626650 0.000
243609061 0.000
439565522 0.001
317502483 0.001
401337001 0.010
243453366 0.000
242204885 0.012
148262563 0.000
438600122 0.000
185071019 0.000
164582151 0.004
250025067 0.000
460840083 0.972
160745995 0.716
461306303 0.081
339632984 0.000
394814430 0.003
316364715 0.000
438776400 0.001
438622576 0.002
405906498 0.019
258656413 0.111
454583295 0.136
370681611 0.002
461125567 0.002
373887780 0.000
455446937 0.000
241361233 0.000
334194243 0.005
245097052 0.001
371100543 0.002
336716824 0.001
294726941 0.032
335518990 0.001
243641244 0.000
83938794 0.036
395741838 0.000
127666080 0.729
168165338 0.001
179668753 0.000
6125495 0.002
241433422 0.049
334661460 0.000
275651750 0.000
453588312 0.000
304287051 0.874
451408461 0.000
241505253 0.004
300324693 0.000
313308292 0.002
161156574 0.000
449639804 0.000
319539937 0.000
441820425 0.039
337708198 0.000
313487874 0.025
260708271 0.000
361533177 0.000
281758130 0.002
360474367 0.091
368725940 0.000
241857891 0.337
375588491 0.020
55449970 0.000
453728838 0.024
326538448 0.032
452470108 0.011
404231256 0.042
450502100 0.545
314113762 0.058
120129484 0.000
428746494 0.020
383633548 0.148
79098211 0.000
294665450 0.210
441000818 0.077
271229359 0.040
381262694 0.023
160339703 0.000
370374246 0.000
260637018 0.116
245448555 0.001
245160694 0.003
55661167 0.004
120653 0.067
177020518 0.000
310113324 0.000
308537791 0.008
278779186 0.000
453740090 0.026
460100814 0.001
179671765 0.000
403950329 0.000
243492568 0.012
125432929 0.002
241376595 0.048
334293631 0.001
129654005 0.004
388238409 0.000
258649350 0.000
276002488 0.002
419914940 0.104
6125499 0.007
243496587 0.001
360839993 0.067
271696329 0.099
438596060 0.146
258385971 0.001
324846866 0.077
425439322 0.000
395327054 0.002
453505514 0.002
303361784 0.000
391602024 0.008
357817806 0.000
293712723 0.000
453817664 0.001
30076533 0.000
362930051 0.000
333303308 0.025
316240952 0.020
326426723 0.269
438606446 0.000
310554021 0.335
363779614 0.002
258658227 0.000
243213422 0.000
76399698 0.101
397873566 0.000
334314058 0.000
438821920 0.001
413110105 0.041
127379698 0.000
398764628 0.000
395930204 0.000
242163219 0.001
161104276 0.000
360816293 0.067
294458117 0.004
438627029 0.122
363534347 0.000
429389113 0.000
428743282 0.767
467054729 0.012
126909237 0.000
38608972 0.000
149273466 0.079
164581949 0.046
128454837 0.012
438714173 0.004
169786557 0.000
38602516 0.265
209615409 0.114
270903809 0.021
333380605 0.000
71486 0.570
243639383 0.000
312308482 0.137
355461772 0.000
304166702 0.000
156458 0.210
306384881 0.035
375315384 0.000
443268076 0.000
277555652 0.043
450487326 0.001
328104303 0.001
299675705 0.013
466573366 0.752
150437904 0.001
420462652 0.000
453381881 0.033
366177355 0.000
302449029 0.000
245382501 0.000
287564244 0.096
300512237 0.016
404017378 0.135
271973253 0.070
405538922 0.601
290676032 0.012
449622582 0.166
275772013 0.000
453288918 0.000
241814177 0.001
129426644 0.000
368581238 0.000
121793766 0.000
391725105 0.002
122401787 0.148
287721155 0.000
242173030 0.001
457316709 0.002
243639720 0.025
113277191 0.236
258690522 0.004
35221341 0.001
371100493 0.027
245068249 0.125
401332801 0.000
245254243 0.000
438596035 0.001
323425947 0.316
401962571 0.097
361184690 0.000
258588345 0.000
275776837 0.000
159929246 0.163
326666611 0.005
398295058 0.000
465477373 0.006
242113592 0.162
314027277 0.019
61078667 0.104
312929981 0.000
450417021 0.160
248070923 0.050
377875214 0.000
160819472 0.000
125403004 0.001
334521173 0.000
394388075 0.096
243607328 0.016
466920291 0.042
369968982 0.000
272096424 0.000
167008842 0.000
401873347 0.000
304160287 0.000
310556439 0.683
412078609 0.000
179961027 0.010
374753270 0.009
6228124 0.401
275915056 0.002
356633753 0.062
395929152 0.011
164298926 0.000
363779980 0.001
242123686 0.013
243529331 0.000
329682074 0.003
309558226 0.019
457190018 0.002
429345781 0.000
313391293 0.023
290531749 0.005
401640381 0.004
299948119 0.012
166838677 0.001
150431322 0.000
320233020 0.017
371495436 0.042
407632941 0.059
360474297 0.095
280246700 0.000
453588324 0.000
349648336 0.000
356359248 0.000
440187873 0.067
449466119 0.027
310555098 0.006
418336440 0.973
338027782 0.000
267842304 0.000
242124095 0.000
383638221 0.021
382619806 0.000
328225196 0.002
460405979 0.007
438702154 0.019
241324729 0.030
333972062 0.001
420397852 0.003
317079521 0.118
374235221 0.000
160085668 0.254
319936592 0.000
438601353 0.018
245061838 0.000
295194507 0.000
289281421 0.000
457460991 0.000
339105635 0.154
449728371 0.001
245161117 0.001
7415010 0.358
467309744 0.997
380570781 0.898
323131181 0.030
248245104 0.000
328104365 0.000
401434750 0.001
349272936 0.000
243553327 0.000
448172064 0.026
140804396 0.000
38586659 0.636
208209821 0.002
292264396 0.063
464929212 0.000
241453969 0.000
275777835 0.000
258587380 0.000
277634379 0.126
394659880 0.001
318670318 0.002
55555244 0.000
454364770 0.061
245269556 0.001
210000874 0.005
242224417 0.000
289488826 0.000
331101330 0.010
394152909 0.000
245300722 0.008
149420154 0.000
454665786 0.001
465930861 0.108
334469218 0.029
245387183 0.000
438602689 0.004
311734686 0.002
336186860 0.000
10001019208 0.000
303438679 0.079
325980198 0.469
433838049 0.061
411913133 0.000
448320649 0.000
453745906 0.023
261090103 0.000
122462031 0.047
354998113 0.000
334240673 0.000
355245189 0.000
395930189 0.000
245364528 0.027
241505519 0.001
460700440 0.110
203438407 0.151
258588346 0.001
313437435 0.002
391821850 0.083
307223346 0.000
297458127 0.000
466255889 0.002
150431316 0.000
245132530 0.013
308965171 0.016
349305592 0.000
61014773 0.154
438730520 0.000
438603661 0.131
71715 0.064
29988657 0.000
296586757 0.000
141662533 0.001
301322236 0.000
465260946 0.000
260635442 0.100
278724774 0.037
404144559 0.006
381617919 0.000
243560912 0.000
242617127 0.001
453078812 0.045
149155209 0.023
449466100 0.052
350619642 0.011
159934221 0.000
276010372 0.057
48535226 0.077
349299329 0.000
337230552 0.000
258592316 0.000
453595277 0.148
398292869 0.000
280008262 0.001
337485299 0.015
394500484 0.007
465550378 0.150
241704595 0.069
129426591 0.000
241323239 0.000
334964225 0.019
404017259 0.001
451334583 0.000
328396300 0.000
374324307 0.044
451020322 0.000
243220102 0.000
414714368 0.051
278179099 0.000
127089521 0.000
438645178 0.001
291675525 0.000
257585385 0.001
420099702 0.000
245384440 0.000
333106480 0.126
333974438 0.088
169155023 0.239
241284133 0.000
281758255 0.000
430833268 0.000
418532703 0.000
244864072 0.002
356688010 0.000
450745418 0.056
245159686 0.002
248111234 0.002
241402440 0.014
169780648 0.084
400116339 0.000
243294873 0.000
410710193 0.009
309249883 0.042
350522317 0.224
451413404 0.007
383231707 0.002
304419280 0.000
54172922 0.000
167754190 0.000
438784557 0.000
289401445 0.001
338780716 0.200
382508760 0.000
127240046 0.000
179133124 0.000
397873559 0.000
405567529 0.003
304169714 0.000
396464159 0.000
374324190 0.181
244868821 0.000
309213569 0.430
383346468 0.003
395134204 0.019
314230745 0.000
306823199 0.000
379875711 0.001
438590278 0.018
305716662 0.000
364266382 0.000
396313636 0.000
375596146 0.000
241471340 0.002
394238465 0.020
390363092 0.015
243608653 0.000
186588582 0.000
55742278 0.002
295072359 0.007
123739 0.006
335603707 0.040
307101804 0.065
460998061 0.920
307535216 0.021
310538813 0.001
398550361 0.184
405565054 0.000
164293082 0.000
258835095 0.000
438838906 0.004
306411037 0.064
167304735 0.020
165274140 0.002
148648076 0.027
166524881 0.057
209968225 0.031
162403837 0.000
357540580 0.000
394225723 0.000
210416942 0.000
453946552 0.006
460132613 0.001
303214117 0.000
361730038 0.000
437207263 0.008
404017322 0.072
102311403 0.075
75543758 0.053
359846473 0.104
453775948 0.003
467192928 0.000
179826955 0.113
404390412 0.002
165265496 0.058
306915586 0.021
245299322 0.002
242284152 0.049
425589935 0.000
165263806 0.002
438595653 0.000
335858357 0.017
319199675 0.000
89825295 0.000
412078850 0.000
401280225 0.000
361864226 0.067
241449307 0.007
380021134 0.001
328111159 0.073
89441 0.061
460934261 0.000
241856415 0.000
374935031 0.180
141766509 0.000
140485859 0.000
392108166 0.072
335322565 0.000
297099427 0.891
288216137 0.000
438705225 0.010
107402296 0.134
372646902 0.034
267930391 0.147
258515581 0.000
328225202 0.000
159881188 0.000
329297625 0.000
374015051 0.148
376485697 0.002
325927592 0.000
241362270 0.091
457188150 0.137
242530961 0.299
241442849 0.088
327427033 0.122
288458422 0.001
453568302 0.000
460895152 0.027
395108455 0.004
438600042 0.005
243329833 0.000
316377152 0.000
75614702 0.000
419906396 0.001
258524977 0.586
243178323 0.036
311765642 0.112
438703071 0.130
397152369 0.001
419916059 0.002
241361831 0.000
127198781 0.015
36482671 0.009
30371140 0.060
169468632 0.000
379223744 0.001
72683450 0.000
321300560 0.052
307742848 0.000
160397476 0.000
449715150 0.014
374679562 0.008
258914877 0.001
438806285 0.001
465473669 0.005
357712466 0.097
244908536 0.001
308968373 0.114
128120819 0.173
438727746 0.001
48180944 1.000
412541358 0.005
55555246 0.000
465556243 0.006
299899509 0.000
381617882 0.000
112087037 0.006
438824909 0.001
400968206 0.000
466399560 0.000
319199723 0.000
457319613 0.009
127735116 0.280
448346618 0.071
338022736 0.000
38518150 0.001
75642505 0.110
323604441 0.075
383584140 0.010
337318834 0.040
245268535 0.075
358078406 0.036
303362813 0.015
300290481 0.057
302280297 0.000
337708231 0.000
243424367 0.098
306129501 0.009
411470240 0.000
241707449 0.031
160528060 0.015
245160663 0.003
186081174 0.030
323268008 0.000
300449493 0.000
320396830 0.000
370830889 0.000
342299166 0.000
245075100 0.001
443392383 0.001
439266422 0.003
404232523 0.069
333653609 0.019
286797838 0.013
438648659 0.000
454961342 0.217
396314762 0.079
245034708 0.000
370330491 0.086
448260291 0.067
312200990 0.000
395517638 0.008
208926294 0.000
279092244 0.000
160444394 0.108
245299512 0.000
438603774 0.039
167754884 0.077
277104322 0.000
273702146 0.047
333944555 0.142
177115815 0.029
241504884 0.005
241447765 0.001
127443 0.069
394095517 0.393
440885335 0.009
322607775 0.040
460609401 0.017
453752281 0.001
329449576 0.021
169780805 0.000
425433566 0.001
289425772 0.017
164592286 0.000
438806260 0.000
312797628 0.000
425437370 0.000
452525900 0.000
438587107 0.000
241448695 0.092
241366213 0.051
374517383 0.000
438794298 0.000
406328551 0.000
68285802 0.000
64941 0.000
141669960 0.032
245276597 0.000
358178908 0.004
359286663 0.054
241278774 0.127
405383811 0.083
245268584 0.061
438597311 0.077
150442254 0.020
370328817 0.110
36482279 0.008
321304300 0.000
245433457 0.030
179222367 0.267
326797455 0.035
406180958 0.001
330441676 0.000
318670332 0.002
468134099 0.000
359688852 0.000
313085792 0.000
208839786 0.000
73455699 0.001
438600498 0.003
245273601 0.000
300160950 0.013
338892154 0.000
179454061 0.000
241503362 0.000
433725000 0.007
390966489 0.015
287956062 0.122
396137546 0.078
438801837 0.000
441823195 0.221
248106321 0.000
127735101 0.071
262612628 0.000
359834748 0.000
438710484 0.000
287561968 0.000
411704446 0.000
404276359 0.070
404335189 0.000
370952392 0.057
241361849 0.000
363205995 0.102
438830234 0.000
243254633 0.004
395303523 0.102
321177645 0.001
460667239 0.000
394225710 0.000
390544452 0.133
420010481 0.001
395489507 0.052
300449881 0.000
359690535 0.000
169161488 0.001
438603221 0.001
332113922 0.109
160344782 0.000
304949575 0.019
260608080 0.059
243330067 0.043
288693356 0.010
306574778 0.000
119462461 0.000
295512179 0.030
413356354 0.000
241641233 0.001
359158433 0.000
453624133 0.022
141481180 0.203
335367853 0.000
243162920 0.000
363723997 0.114
342371205 0.003
338038471 0.077
149599251 0.000
323961878 0.040
297460953 0.000
443067764 0.000
278179094 0.002
449094527 0.000
260769982 0.023
296682380 0.000
446342820 0.016
438706337 0.000
401442098 0.000
150323522 0.108
241378412 0.000
245107661 0.075
306930073 0.055
420465391 0.000
307743052 0.000
452001285 0.003
330005626 0.000
128891753 0.001
241433648 0.037
167602316 0.002
140945677 0.000
165263808 0.004
167602738 0.000
442885151 0.000
438644200 0.170
429388982 0.000
381924440 0.039
312609822 0.000
334041101 0.000
335982076 0.000
438713245 0.001
467344803 0.002
438599970 0.029
242145725 0.000
437928569 0.004
323519104 0.000
248199833 0.001
209709394 0.002
356359850 0.000
448289443 0.075
288106354 0.000
438647540 0.000
440092021 0.001
120464707 0.001
243294882 0.000
280770239 0.137
154509 0.417
460724964 0.024
177161450 0.000
220461517 0.001
437193410 0.027
297460939 0.000
339816973 0.075
243362505 0.000
313441768 0.000
453781092 0.000
68600144 0.000
320396906 0.000
241479889 0.110
319995153 0.001
169474749 0.003
366177403 0.000
209299132 0.000
460100816 0.001
460284579 0.000
464933296 0.043
374015041 0.091
38681997 0.141
378969153 0.071
453657111 0.000
166558164 0.000
309623987 0.114
438592876 0.153
438597365 0.072
159421493 0.007
307225144 0.044
308968447 0.087
165822347 0.048
366015376 0.009
48002523 0.302
260939179 0.001
244838106 0.004
150063745 0.000
366257346 0.041
243388123 0.000
149598929 0.143
379223721 0.000
319936578 0.000
245002428 0.001
258841082 0.000
313040604 0.000
342196794 0.000
401136995 0.008
129663642 0.000
31095872 0.001
280767603 0.000
287562239 0.000
406249154 0.117
333972095 0.001
138456 0.001
438596267 0.070
454668326 0.178
394766934 0.001
466326318 0.624
245197716 0.058
360268480 0.057
454576113 0.000
438624722 0.000
167418759 0.000
390953367 0.000
297095860 0.841
436192662 0.047
371010305 0.017
270903959 0.025
280768482 0.036
398295052 0.000
129183684 0.000
300328626 0.001
243327938 0.079
361531314 0.000
71484 0.080
308456285 0.000
319990968 0.420
437334461 0.015
448328175 0.000
68601931 0.000
438600423 0.004
159587389 0.039
363776045 0.015
370373274 0.325
306742001 0.005
253142477 0.030
377117084 0.000
321658946 0.051
203438682 0.816
306790271 0.074
369969018 0.000
422181417 0.000
438622879 0.044
242184403 0.126
308537814 0.013
209554967 0.000
288064444 0.042
366015392 0.002
256461202 0.000
160415304 0.001
128412787 0.000
162404093 0.000
452231034 0.023
160710482 0.107
308968469 0.051
392736765 0.039
341695869 0.011
165274142 0.002
438595647 0.000
73086815 0.001
336806425 0.043
311205536 0.000
244902462 0.020
313040561 0.000
245034441 0.003
438720954 0.000
245008428 0.210
54596734 0.137
334661377 0.000
241292455 0.002
370705427 0.053
399843139 0.000
312609893 0.000
245162349 0.000
122286639 0.695
308730751 0.000
411622127 0.150
54107400 0.112
359844769 0.000
288693316 0.024
364324671 0.009
438599979 0.009
326038330 0.143
438821919 0.000
10002531580 0.000
30538617 0.014
404338849 0.016
372808442 0.158
168511776 0.002
356695359 0.000
278079052 0.071
440088461 0.159
419950969 0.000
457316731 0.002
307742914 0.000
55477757 0.039
395678840 0.042
253187368 0.012
324273247 0.031
38586691 0.273
31095877 0.001
443207410 0.011
383635516 0.029
49321841 0.000
338025246 0.000
326667387 0.000
287787618 0.005
382852955 0.228
338545380 0.000
281758192 0.001
307229356 0.000
451925941 0.019
311757957 0.023
356527996 0.001
306498779 0.001
372969534 0.029
6125498 0.009
33836221 0.000
304217281 0.000
169786645 0.000
243503263 0.000
356846464 0.037
338031708 0.000
443268072 0.000
6228437 0.154
307309168 0.000
300086646 0.228
307575988 0.000
305915882 0.013
363781109 0.000
394265554 0.000
363779988 0.000
413926250 0.212
210686141 0.000
293170621 0.002
318670146 0.004
261275683 0.000
349764466 0.004
245068097 0.000
436998464 0.000
451369370 0.001
335289534 0.080
141215485 0.000
453742853 0.040
287663433 0.033
294574444 0.040
388202434 0.000
119823 0.082
302961229 0.000
311445116 0.000
360406696 0.008
244952759 0.000
243524800 0.009
453419721 0.029
443006293 0.310
315038948 0.000
452195739 0.027
258386207 0.029
382527384 0.000
363877589 0.001
394758789 0.001
258651233 0.209
334133736 0.000
334105464 0.007
299948401 0.001
159319166 0.017
309066723 0.003
391051274 0.305
328243024 0.012
267930751 0.146
243357889 0.000
272316802 0.000
409349653 0.000
380265377 0.982
179251414 0.000
316112709 0.009
270908142 0.000
412376846 0.003
280947069 0.001
83915141 0.504
129663665 0.000
380739335 0.015
288892134 0.000
357261656 0.000
334661397 0.000
378843921 0.149
403486056 0.001
460279178 0.080
55368387 0.000
359911778 0.064
396002952 0.000
336283351 0.038
401050303 0.003
398431657 0.242
159261197 0.105
129631348 0.066
169779865 0.076
379875626 0.000
379007340 0.024
179412214 0.000
293271134 0.010
438600283 0.063
312433110 0.043
243220114 0.000
438821885 0.001
374015057 0.170
350298573 0.011
395828911 0.015
455389018 0.086
371448987 0.004
374576672 0.009
392736775 0.046
304164653 0.013
452475896 0.000
396367522 0.051
460481287 0.033
438643267 0.007
269677407 0.002
245261005 0.044
170660308 0.003
38572913 0.216
403481422 0.000
185080065 0.069
121982572 0.000
460020506 0.053
438635533 0.084
453860524 0.010
356099511 0.000
399143875 0.081
438686436 0.000
186076304 0.000
362416913 0.000
290210696 0.031
443268089 0.000
339386586 0.054
467161134 0.019
245299526 0.001
243608633 0.000
160480757 0.026
282164647 0.000
361594085 0.048
438603875 0.024
335006882 0.022
245167590 0.001
440900786 0.066
467247088 0.008
359288883 0.001
399306894 0.018
160522301 0.010
333738446 0.092
321968818 0.051
167039899 0.060
362249947 0.000
179668125 0.002
452443320 0.000
245198842 0.000
454398846 0.000
363880499 0.000
245231750 0.000
449748472 0.003
208569744 0.001
242163239 0.001
460340666 0.000
404236172 0.000
334133717 0.000
394838012 0.000
356099523 0.000
243533489 0.000
301322230 0.000
334926092 0.000
343516641 0.000
454894202 0.286
127240026 0.000
241607131 0.464
361956208 0.000
438596082 0.090
159537540 0.000
245407600 0.000
307783447 0.000
322688343 0.023
397457922 0.001
275913643 0.015
411899909 0.002
363658553 0.001
438793145 0.063
41175863 0.000
277634377 0.162
241847462 0.011
371110867 0.110
420010517 0.001
338546911 0.000
371447996 0.000
366175873 0.048
287610686 0.191
453735574 0.001
323604166 0.757
160972554 0.000
243388144 0.000
127377000 0.026
386724507 0.052
319817655 0.000
273707187 0.035
318921556 0.000
363115431 0.002
242375295 0.001
449792232 0.009
466255672 0.004
451008341 0.000
466255666 0.004
309487139 0.001
245486542 0.000
464929222 0.000
245034476 0.003
316377106 0.000
319796413 0.000
358154488 0.000
185080911 0.000
122547491 0.000
162404092 0.001
336186928 0.000
243360895 0.001
309813230 0.001
150439105 0.000
405086599 0.001
433268918 0.000
303862822 0.000
6125497 0.003
465473573 0.003
30281094 0.000
244865013 0.001
357470263 0.000
312804502 0.000
334469455 0.000
410555611 0.000
141215494 0.000
394456308 0.107
408451412 0.026
465006849 0.001
207791870 0.000
454459278 0.025
350619639 0.014
288693364 0.011
467698373 0.001
365816354 0.001
371937715 0.029
333036745 0.022
269979752 0.000
76542 0.243
238914377 0.060
279088188 0.062
245382515 0.000
295667548 0.105
374753276 0.036
406584496 0.000
312804531 0.000
334130796 0.034
394763776 0.001
323604496 0.124
102301909 0.060
122355167 0.005
438703108 0.007
287750870 0.002
160404798 0.000
166184038 0.000
245228364 0.000
438796184 0.000
327551010 0.000
241325948 0.073
446803310 0.000
307570737 0.000
420400236 0.000
425510787 0.000
382529566 0.000
453505517 0.003
36858630 0.160
395014470 0.000
243530151 0.000
245299251 0.074
281398091 0.000
313651466 0.086
141340571 0.000
457115914 0.009
103238 0.005
337151352 0.014
355003820 0.000
242506719 0.000
258520047 0.004
438618593 0.074
449095167 0.000
397340790 0.002
451020411 0.506
250176527 0.000
169161489 0.000
208564917 0.001
245252952 0.000
129467719 0.004
306385285 0.001
243384442 0.000
208845804 0.000
466742254 0.000
384586803 0.000
323334231 1.000
302280953 0.122
165904143 0.081
438785203 0.001
394265499 0.000
449071609 0.000
164298876 0.072
396590587 0.000
322701521 0.000
48662531 0.000
320446072 0.011
261266575 0.000
401442071 0.001
371098435 0.045
61224583 0.129
392555477 0.050
287611082 0.000
248069008 0.000
458856514 0.025
167665702 0.000
438824855 0.001
272312816 0.000
126909256 0.000
331914380 0.130
425357090 0.017
394371160 0.000
331838647 0.004
167305960 0.000
185466938 0.000
30077895 0.088
404229087 0.045
375315322 0.000
374509887 0.030
374682565 0.057
121061597 0.000
297458488 0.000
101903389 0.000
304009218 0.000
372517999 0.000
129417197 0.005
388286218 0.000
461272537 0.020
242575035 0.000
141766836 0.000
243564170 0.000
440868631 0.061
241606386 0.000
360839203 0.000
328104327 0.000
179552833 0.000
54514722 0.000
331964143 0.001
405080022 0.469
243264094 0.000
248070210 0.003
419950961 0.000
413405222 0.008
320396893 0.000
438600056 0.012
454748002 0.000
306676885 0.003
241676471 0.000
245448370 0.000
311844776 0.000
127240015 0.000
316366389 0.000
297059033 0.002
365816393 0.001
278862776 0.000
438838902 0.006
306496737 0.000
359579498 0.010
438627103 0.073
361153346 0.000
388280298 0.000
242154287 0.000
453741436 0.000
438636872 0.000
241363701 0.002
339897166 0.004
425429868 0.000
243626656 0.000
208573070 0.060
372225019 0.018
304302410 0.044
