375898652 0.044
461194304 0.032
333380605 0.000
460009499 0.000
348844121 0.000
146754909 0.000
451805155 0.045
93940231 0.097
102294250 0.077
403905008 0.000
364266382 0.008
102336883 0.147
334399995 0.000
147002342 0.005
80312892 0.001
463625326 0.000
147281523 0.039
268262809 0.002
120370879 0.000
459099334 0.000
131959812 0.001
463153523 0.089
61480817 0.168
57513600 0.000
306630164 0.012
303115830 0.000
376811535 0.000
341727751 0.000
357985158 0.000
433084514 0.000
304993497 0.511
437973145 0.000
347694730 0.093
157175648 0.000
398985962 0.001
73396812 0.000
451869945 0.002
361419283 0.045
219831672 0.039
181863386 0.112
163251820 0.001
465940866 0.000
344413905 0.928
152367014 0.172
467050003 0.002
454003903 0.002
450773477 0.005
248147398 0.010
266306949 0.000
99128827 0.000
361482174 0.000
158715286 0.050
386505113 0.008
163377395 0.000
451386557 0.000
158225139 0.003
146485436 0.135
147661520 0.000
271702846 0.000
306917444 0.008
333578606 0.000
22652374 0.001
29933406 0.000
124281901 0.000
398635315 0.155
306255021 0.025
152146734 0.066
82194637 0.001
132067302 0.000
91840529 0.000
452282112 0.001
271104602 0.002
454108287 0.057
452322613 0.000
450029286 0.367
385773772 0.000
82200503 0.055
303232673 0.014
10000936200 0.083
73712205 0.000
405383811 0.092
290055471 0.046
61480042 0.038
92331108 0.002
358838922 0.010
334308633 0.000
152020056 0.089
162701443 0.045
401873346 0.000
92859502 0.023
271700617 0.006
91835985 0.000
98667793 0.239
248244748 0.059
383083336 0.048
304456276 0.000
73398533 0.000
151861011 0.000
278058591 0.002
298690553 0.070
162816589 0.007
318974363 0.000
408552288 0.356
290023172 0.139
386763112 0.011
131959822 0.001
309073106 0.054
466678852 0.149
423687337 0.002
376378471 0.006
305348886 0.001
146585255 0.000
332522110 0.000
304525416 0.018
177255827 0.066
307855063 0.001
67204042 0.010
176958082 0.000
386686727 0.181
350859128 0.024
94013363 0.052
319817655 0.000
66754752 0.000
165274142 0.002
398648845 0.000
460122023 0.049
450780999 0.000
450927047 0.015
384644869 0.000
333016601 0.000
319127706 0.011
81557008 0.034
465019750 0.061
260842033 0.000
334221868 0.001
439722111 0.001
452193494 0.009
362462166 0.105
334981512 0.085
304777533 0.036
120218189 0.051
340358770 0.014
272739591 0.000
122027574 0.000
57450321 0.000
451093627 0.000
322418438 0.015
332830800 0.000
273128031 0.000
436885087 0.040
457942076 0.037
401346404 0.000
73086433 0.076
269862060 0.000
375633186 0.000
274680041 0.002
162684357 0.002
386686789 0.043
83006168 0.021
459784455 0.096
399846024 0.000
135044207 0.000
306247466 0.144
334503966 0.000
442551793 0.001
124205037 0.000
305348949 0.000
453658210 0.000
144448775 0.095
357512932 0.051
411618937 0.026
333382424 0.000
72116158 0.001
146374183 0.002
390478351 0.081
275467777 0.000
320396944 0.000
401013984 0.085
144321797 0.000
309226019 0.000
266090023 0.000
57693646 0.002
83113464 0.042
165490857 0.030
400922582 0.093
467050092 0.003
450803577 0.000
45458274 0.118
309930772 0.000
29843363 0.011
334220785 0.000
82585392 0.056
152109506 0.051
181228246 0.115
377371678 0.381
131959824 0.001
440425262 0.030
45400927 0.000
73082384 0.000
82999682 0.000
73400194 0.108
273320233 0.000
15450096 0.008
103104601 0.000
82378933 0.022
160203908 0.039
319941369 0.000
382175284 0.093
309858503 0.105
322087330 0.000
67011055 0.001
452043152 0.000
405676707 0.050
146940629 0.000
152145345 0.931
469095496 0.000
452042472 0.031
163654498 0.000
81557523 0.051
310015790 0.000
403951149 0.000
317942747 0.079
93147842 0.000
61477465 0.103
204670181 0.001
260842067 0.000
376343331 0.001
323772879 0.001
390320266 0.048
459431329 0.044
160203904 0.042
384861697 0.000
466769763 0.000
61820090 0.063
82638688 0.036
124172125 0.010
61373423 0.224
332358341 0.112
146134878 0.010
375737774 0.004
461191661 0.228
45628365 0.000
300506704 0.001
61640279 0.040
71733239 0.000
272213628 0.000
102622483 0.053
265724824 0.013
290055454 0.075
286228465 0.139
445903769 0.000
151859537 0.029
122029106 0.000
181021347 0.000
61372961 0.045
45780503 0.033
386413544 0.023
452326168 0.012
260842132 0.000
287573634 0.000
448692648 0.003
350025475 0.001
452143834 0.082
390958994 0.372
15451439 0.000
293113070 0.078
102190972 0.000
464146472 0.002
413376180 0.022
23433483 0.000
309149982 0.008
451263624 0.000
363315299 0.002
103679357 0.000
460697771 0.001
386703193 0.084
469306158 0.000
454069301 0.000
306498801 0.002
157215870 0.239
160522301 0.011
342163927 0.000
453588312 0.000
357805878 0.000
467167672 0.008
266175188 0.000
380806572 0.000
386024167 0.109
384103595 0.538
468004506 0.004
392342770 0.000
361224327 0.023
151733576 0.046
453501202 0.000
229756443 0.631
383604296 0.004
266730456 0.108
248080414 0.173
398924747 0.006
151735313 0.004
81778533 0.130
258314345 0.000
398363476 0.093
151957494 0.033
324400588 0.000
383604335 0.044
307575996 0.000
304456258 0.000
400917810 0.000
399634945 0.014
102626088 0.176
384034383 0.003
411620912 0.001
334033824 0.087
152020086 0.078
464111354 0.000
382747330 0.090
364399388 0.006
301430999 0.000
376002222 0.000
102175453 0.023
437865189 0.010
20547974 0.209
165376300 0.038
151941292 0.034
454021889 0.228
333664049 0.000
440024639 0.003
452322589 0.000
452296517 0.064
29849496 0.078
82189755 0.084
452162543 0.000
397269235 0.036
305347542 0.028
61597937 0.048
459535614 0.018
466463995 0.150
260842077 0.000
309278112 0.000
229391277 0.000
364399381 0.027
453483221 0.008
380806516 0.000
120017626 0.795
80681363 0.006
282087059 0.082
162923040 0.000
451640109 0.007
334788550 0.137
93945270 0.000
400799904 0.000
442341954 0.000
300567840 0.000
451650507 0.003
146430536 0.000
32182337 0.052
448351316 0.138
266308217 0.000
308469307 0.027
92339286 0.000
410660287 0.028
61639987 0.032
91904684 0.000
20544372 0.100
295239933 0.000
448692375 0.046
357025222 0.000
453588326 0.000
119925515 0.000
304812793 0.074
375901855 0.000
82026379 0.071
142065635 0.079
304954223 0.011
467446185 0.048
457512997 0.000
304812653 0.015
101813108 0.039
363154663 0.008
178620854 0.605
32159686 0.000
294660272 0.000
29936280 0.028
286166069 0.094
178612938 0.000
273316202 0.000
120860864 0.000
386024144 0.037
281398091 0.001
308790092 0.002
322087370 0.000
32450163 0.058
142037668 0.447
357541664 0.001
303354718 0.000
82111588 0.431
91472093 0.041
81918069 0.001
321177799 0.009
122501846 0.000
144568961 0.033
318815347 0.007
296491514 0.006
157260643 0.088
370375257 0.000
119721794 0.001
142135518 0.114
320396830 0.000
432284337 0.086
146757745 0.000
146661902 0.000
124569565 0.081
2490896 0.003
92237086 0.040
144723424 0.000
307085739 0.156
306783617 0.247
400724718 0.006
438172730 0.006
405630560 0.000
158409794 0.066
82486984 0.077
398702732 0.000
141713380 0.001
385771943 0.045
300800245 0.000
183652314 0.081
176909144 0.083
333382414 0.000
80934681 0.091
152061432 0.059
296491643 0.001
160205332 0.167
440737189 0.015
67011020 0.001
464111521 0.000
120434061 0.141
375828205 0.000
61639743 0.016
408552222 0.000
309083676 0.016
381492237 0.000
73796783 0.000
304456356 0.000
397365578 0.064
440646604 0.000
375735353 0.044
440132335 0.045
269442811 0.009
383868856 0.001
323326666 0.016
167890109 0.000
323966973 0.028
443935848 0.000
93945176 0.000
463952824 0.040
432556692 0.000
468975828 0.002
80843304 0.085
73303344 0.067
94088261 0.000
99141013 0.000
447207765 0.015
464115135 0.215
333380676 0.001
303582887 0.000
341336665 0.015
397607646 0.000
269862051 0.000
450518505 0.079
61366981 0.039
265724840 0.017
463439645 0.001
334992885 0.012
405663929 0.066
144322645 0.038
384353558 0.001
21954967 0.016
161460929 0.001
464742380 0.100
390671808 0.121
178823679 0.035
268541216 0.050
61938504 0.000
265733673 0.033
374431124 0.055
142282033 0.078
377647637 0.000
267637217 0.037
451083651 0.004
81927376 0.097
73082371 0.000
270772962 0.064
204644332 0.057
453693114 0.000
176877995 0.038
397343280 0.739
458639626 0.000
463310016 0.000
22653280 0.061
334785615 0.035
29849465 0.178
102079545 0.000
1670369 0.069
290794113 0.002
464627281 0.051
309711633 0.000
165460588 0.000
397358473 0.305
302281487 0.000
377777494 0.106
72631683 0.000
356767534 0.002
266624142 0.022
29916718 0.052
81927274 0.001
437462932 0.098
363666864 0.016
29983053 0.259
22721934 0.099
29844031 0.101
360644379 0.095
93469102 0.113
93945224 0.000
357985187 0.000
362725247 0.000
433365766 0.000
363628548 0.203
398628375 0.002
91786784 0.000
357197838 0.001
120375092 0.000
464120750 0.001
162485997 0.050
120930354 0.018
401014450 0.002
467050090 0.002
316003460 0.004
356300683 0.001
134412618 0.000
444536755 0.000
469163033 0.048
335007912 0.145
304523163 0.064
400077057 0.019
304954097 0.001
429166077 0.326
405180477 0.065
437324458 0.106
67623202 0.155
60710275 0.000
302961504 0.002
102419573 0.000
147615664 0.000
323325254 0.034
162990773 0.095
161740046 0.052
457877726 0.040
267938874 0.649
266630979 0.141
398693160 0.014
40557455 0.000
460571615 0.000
158506068 0.001
135510167 0.000
437964585 0.000
91627956 0.028
93625235 0.156
305365085 0.086
466281654 0.634
460273140 0.005
102294426 0.111
320396883 0.000
178418013 0.001
463434086 0.000
453280936 0.000
309076563 0.473
372598349 0.068
453501205 0.000
345178720 0.110
61413486 0.017
398323854 0.001
134715350 0.000
371012471 0.001
440015035 0.000
390478377 0.078
379128969 0.020
309934152 0.000
73484243 0.078
307570140 0.052
452107205 0.000
273463060 0.045
323334089 0.079
452040748 0.000
298690669 0.196
332358417 0.149
460043719 0.000
22615162 0.022
343089394 0.070
454043454 0.128
272913995 0.058
124452706 0.189
288094101 0.000
335051488 0.000
386155426 0.020
120375060 0.000
308285333 0.000
161156362 0.083
468004604 0.004
465261095 0.000
94254588 0.000
131959857 0.001
61764660 0.026
162148738 0.000
376659184 0.000
321946851 0.004
92693411 0.055
397462714 0.000
332936413 0.187
405388320 0.000
433187641 0.000
453689101 0.032
379005183 0.033
220352832 0.001
459434118 0.000
458397104 0.009
23559387 0.029
102044287 0.174
98955176 0.047
118080628 0.002
92463587 0.000
443621596 0.004
159881358 0.000
321170073 0.027
58535514 0.180
338027782 0.000
362937358 0.395
458041683 0.001
266631122 0.066
162247303 0.000
390478310 0.136
459207405 0.563
121962350 0.000
82313731 0.106
57718113 0.002
451542615 0.008
102200344 0.066
178891812 0.000
158546667 0.000
94019776 0.000
58466480 0.052
131039795 0.000
447515443 0.004
142161269 0.000
82764262 0.043
342885559 0.004
378848491 0.028
89621413 0.000
161157484 0.000
269964536 0.369
309278793 0.324
82633858 0.089
447737223 0.000
405619665 0.156
460345517 0.001
300795176 0.005
67011030 0.001
165228828 0.000
61474359 0.024
267300025 0.001
290295143 0.001
178343495 0.023
124281895 0.000
93945170 0.001
305452541 0.953
103104622 0.001
67617652 0.049
457367536 0.000
295139467 0.045
302997585 0.000
465653967 0.000
432290731 0.001
453803620 0.006
61593705 0.107
347715838 0.060
429357304 0.077
442457470 0.015
415871970 0.560
467049965 0.003
457968192 0.000
374857866 0.041
305909427 0.012
304954148 0.001
266720570 0.002
309278099 0.000
22385189 0.003
81620140 0.082
451545441 0.007
439520350 0.371
387107003 0.044
57788513 0.393
460416872 0.017
332267994 0.399
458769410 0.001
332830760 0.000
384257708 0.001
436894243 0.000
466455832 0.009
450899332 0.109
390685376 0.001
452326106 0.233
152467854 0.062
442042598 0.000
81463380 0.052
144764950 0.000
290037612 0.069
423538294 0.578
73332893 0.102
102190974 0.000
307683557 0.108
82872386 0.069
338155962 0.001
307082461 0.074
306994382 0.033
385223493 0.999
66838052 0.050
454039615 0.044
228882643 0.122
357540562 0.000
29978045 0.000
120375082 0.000
158448720 0.067
93156833 0.000
321177505 0.006
124658004 0.119
266084001 0.034
467640243 0.001
411001131 0.000
151826264 0.059
304575089 0.091
308181703 0.000
273052036 0.000
463204850 0.006
150110389 0.753
106497790 0.000
307742914 0.000
139314065 0.042
130927167 0.370
21707252 0.072
361007493 0.021
458668107 0.000
319817736 0.000
333380626 0.000
304350790 0.748
458832493 0.149
273814771 0.000
335637150 0.000
290794748 0.003
91836153 0.000
162403819 0.020
375636581 0.391
335637147 0.000
178890491 0.042
306630197 0.006
273119774 0.245
302988499 0.051
147530511 0.000
132383107 0.009
434513744 0.001
32449924 0.596
160203907 0.054
386741655 0.095
450645172 0.000
401283808 0.000
152275031 0.000
302664042 0.001
93468492 0.000
405664253 0.128
459207872 0.257
152179183 0.026
146585260 0.000
304465388 0.003
147616144 0.000
463042138 0.060
451346604 0.000
458859913 0.001
459030860 0.010
359826747 0.000
358281243 0.001
309278000 0.000
93539637 0.000
333664044 0.000
144675432 0.000
452282095 0.004
151684595 0.082
40557460 0.000
163186277 0.032
347693224 0.455
278777739 0.005
278013989 0.000
135164336 0.000
120017469 0.004
466153170 0.054
273119781 0.201
324400708 0.000
306750464 0.005
450780977 0.000
465176646 0.035
306993563 0.035
382966112 0.000
165263806 0.004
178345584 0.000
390685380 0.001
303113782 0.000
464537857 0.899
103939796 0.000
159884050 0.000
72116162 0.001
279248894 0.000
401145830 0.051
152569389 0.064
317394943 0.102
15445603 0.003
390551407 0.010
341856301 0.000
82190533 0.000
81622524 0.085
304943416 0.001
57575007 0.004
92623386 0.000
383604347 0.003
103679358 0.000
304304642 0.124
297024609 0.113
9587094 0.097
300897435 0.000
72447740 0.000
376649677 0.000
80312881 0.000
133129900 0.005
383083318 0.095
82487023 0.002
323772829 0.000
321299137 0.006
294938174 0.000
181225754 0.000
102467233 0.000
141939514 0.000
458343074 0.001
385357310 0.000
265724775 0.008
304030590 0.000
408554243 0.130
73402856 0.311
391421971 0.020
293754250 0.015
165228825 0.000
422417366 0.050
89531586 0.000
300567634 0.000
308453519 0.000
165292873 0.000
147340198 0.000
61820083 0.079
146369616 0.000
460500434 0.030
45636490 0.002
31779696 0.000
362459411 0.000
132734080 0.000
121962362 0.000
440015853 0.000
304419165 0.000
459777775 0.009
158543265 0.056
22652353 0.000
459805203 0.000
80312874 0.000
444536756 0.000
72234940 0.000
461164257 0.173
29933351 0.271
459678467 0.029
452494587 0.000
297073769 0.034
94014772 0.068
309278213 0.000
72559581 0.000
320397880 0.001
403734690 0.000
162306943 0.019
162984279 0.073
405379002 0.001
94379067 0.022
44991972 0.000
440015275 0.008
81918093 0.001
451637701 0.100
32085298 0.118
135371113 0.004
295378740 0.000
181014678 0.029
447736964 0.000
91915394 0.000
165535161 0.043
257722016 0.002
120593030 0.022
384861617 0.000
280735954 0.005
273285782 0.152
301430940 0.000
82637381 0.035
453505517 0.000
362270259 0.001
269868124 0.000
124281891 0.000
423686414 0.438
398323820 0.001
457675667 0.009
144675424 0.000
462163412 0.299
308181377 0.192
452494588 0.000
303864016 0.000
307895728 0.002
463520787 0.117
371715286 0.750
132545517 0.104
268657865 0.000
309278142 0.000
357531626 0.000
385316890 0.022
40557361 0.026
458032021 0.000
219889670 0.038
465049432 0.244
273320357 0.000
300498074 0.002
147412341 0.064
309066723 0.001
266729434 0.034
397365577 0.004
107013523 0.082
452195464 0.000
333380636 0.000
301322236 0.000
296449305 0.001
67408138 0.000
281181866 0.057
142111687 0.078
451643043 0.000
465827605 0.000
1736651 0.400
458297845 0.000
135509586 0.047
320397045 0.000
300563891 0.009
363316661 0.000
400625157 0.130
165292958 0.012
391171338 0.000
310210219 0.000
120375118 0.000
301432638 0.048
170571934 0.186
335007919 0.110
130927970 0.167
162247336 0.000
170657152 0.048
303499673 0.087
452406965 0.000
379331163 0.041
181017499 0.000
61879586 0.000
287721143 0.000
399061515 0.000
467844630 0.010
266172335 0.107
307092514 0.013
228694992 0.130
386072697 0.021
275472237 0.000
304819150 0.000
280375118 0.000
300498027 0.001
93403584 0.052
323772910 0.001
451516704 0.008
21733122 0.553
461931097 0.023
248069911 0.001
287787621 0.029
219836619 0.024
332723086 0.000
333825933 0.083
80841590 0.108
303518807 0.013
181019188 0.000
450899355 0.075
273811064 0.000
450510696 0.000
464120737 0.000
15373544 0.000
61417803 0.056
45696203 0.013
397332695 0.000
332522120 0.000
376382866 0.004
163256974 0.115
248069600 0.000
265639354 0.001
466956068 0.000
162679824 0.000
454103872 0.000
61762770 0.012
403758407 0.012
355089037 0.000
144913109 0.002
332835938 0.000
144764958 0.000
57154608 0.001
385460664 0.000
360380356 0.000
399633922 0.000
134652396 0.000
124093339 0.028
38582310 0.007
451386587 0.000
452206248 0.018
151939332 0.039
21730203 0.073
260843924 0.000
348999813 0.038
92908456 0.015
466220106 0.001
371942916 0.000
342312048 0.002
272743980 0.019
165903967 0.000
81461262 0.281
376805019 0.069
203359375 0.006
432920584 0.010
451413430 0.000
120979552 0.000
120860848 0.000
408552226 0.000
324400673 0.000
1728785 0.005
220252019 0.000
304954120 0.000
81171515 0.000
450633254 0.073
267170874 0.000
147094933 0.000
446992977 0.000
387105893 0.046
40557958 0.047
270772959 0.043
165458800 0.000
272436906 0.001
308269945 0.001
460730327 0.035
275451020 0.000
453588324 0.000
390675017 0.014
151913765 0.031
120370900 0.000
158742534 0.002
316931960 0.002
458334867 0.021
152177726 0.000
466113269 0.020
82194430 0.000
162587394 0.000
405378993 0.001
248182866 0.000
81622199 0.108
357532096 0.004
362155550 0.000
287868028 0.004
360634541 0.012
469305276 0.241
293927959 0.000
132384840 0.000
364516142 0.000
97970697 0.083
460307318 0.009
157259968 0.019
67011043 0.001
453974905 0.000
460043807 0.001
266172921 0.307
295378723 0.000
30179722 0.049
146943312 0.000
1727168 0.000
178452711 0.000
450641186 0.021
464335273 0.024
300295080 0.018
163042276 0.026
362450051 0.001
72399078 0.000
102044357 0.070
387189023 0.000
61367288 0.004
38826625 0.094
303731627 0.067
72504727 0.000
67010963 0.001
464896024 0.002
453417996 0.030
71731118 0.047
433187640 0.000
451878123 0.048
308663904 0.000
464465879 0.004
271630490 0.000
467640106 0.000
445814780 0.014
451093765 0.000
439730658 0.000
376208059 0.058
362450207 0.001
443625737 0.000
101645723 0.097
102419568 0.000
320561454 0.004
333125963 0.001
162684379 0.047
132380407 0.008
152601828 0.217
390683816 0.000
305913695 0.000
442050744 0.000
152056507 0.043
364399332 0.001
266934225 0.008
408511200 0.106
464401141 0.001
459470169 0.085
333122927 0.000
362867092 0.000
280667741 0.001
411621008 0.015
413441704 0.000
298690566 0.068
146610968 0.034
73643440 0.443
468004540 0.003
67622277 0.003
73796780 0.000
452040196 0.042
371713706 0.001
280563521 0.000
467640214 0.001
398323777 0.000
467450900 0.027
103459263 0.000
362369161 0.001
433440566 0.113
400838449 0.038
372234778 0.046
9521702 0.392
429239971 0.023
162145332 0.000
101813203 0.094
273320287 0.000
61480293 0.021
432921189 0.021
377647579 0.000
57403662 0.000
269862054 0.000
176937887 0.000
57403673 0.000
389090939 0.000
29980193 0.076
458068167 0.059
304024227 0.141
457772856 0.002
303732018 0.063
302859261 0.000
21617495 0.033
82580956 0.177
301315236 0.000
452282059 0.002
440745887 0.000
167554892 0.041
162247295 0.000
295028377 0.000
452145927 0.000
451386581 0.000
229388304 0.000
442457461 0.085
452734788 0.104
23350656 0.066
294660266 0.000
151939372 0.025
80675282 0.011
1727163 0.000
132734110 0.000
376566203 0.124
290299425 0.007
149973048 0.034
376343316 0.001
378887119 0.000
265625597 0.000
146528019 0.113
44992017 0.001
334789266 0.000
383802224 0.060
260842028 0.000
333016626 0.001
464111564 0.000
465268223 0.000
273127822 0.000
81918056 0.001
267289058 0.134
376475802 0.044
323954358 0.043
405383843 0.138
262612628 0.000
303732005 0.116
181242561 0.034
81557074 0.054
103065810 0.001
323966497 0.000
294938201 0.000
302998286 0.013
385333118 0.089
357810147 0.001
460299395 0.002
118080601 0.002
405680495 0.014
287660015 0.000
158291931 0.001
403843508 0.000
146940586 0.000
146943311 0.001
297074695 0.060
442333147 0.000
355002333 0.001
296789436 0.558
322418614 0.512
98870885 0.000
82637147 0.133
80932919 0.076
380803402 0.000
163251816 0.000
101731229 0.015
399258768 0.000
178754076 0.046
267850245 0.043
151767160 0.149
401282610 0.035
332170196 0.057
451316718 0.000
92998035 0.015
161734398 0.078
305204826 0.005
451646735 0.000
465733989 0.922
320396893 0.000
334973408 0.000
429360102 0.126
144767136 0.000
303582861 0.000
450643379 0.190
306247376 0.024
403758291 0.076
304456332 0.000
287657826 0.000
144184545 0.058
146310166 0.027
379446474 0.001
