403150453 0.041
197954693 0.002
183116843 0.000
394560374 0.000
232073646 0.000
237339855 0.013
89040055 0.071
394698270 0.076
234520989 0.002
412064855 0.001
147133738 0.000
270272281 0.237
263001285 0.001
403267636 0.000
139468798 0.121
262788185 0.019
231695143 0.000
293481269 0.001
197952393 0.000
197989831 0.000
234306823 0.132
79405508 0.109
270201519 0.000
143923654 0.001
143851001 0.001
410135752 0.000
289916097 0.009
238203580 0.005
231712735 0.001
293525779 0.007
266997003 0.000
238227899 0.052
149253984 0.895
206360297 0.000
234501617 0.404
290077520 0.009
24704639 0.031
31655070 0.010
139770818 0.070
325468422 0.000
231267644 0.046
139755779 0.233
33714314 0.204
139283769 0.708
410134402 0.000
232068429 0.009
234520973 0.008
267494824 0.038
355599663 0.110
376931818 0.000
206498959 0.032
235011912 0.006
31744588 0.030
266927413 0.000
277938087 0.000
389729531 0.027
234509030 0.000
350155262 0.000
200646302 0.001
79170666 0.047
425863844 0.003
197986464 0.350
273511131 0.000
394596950 0.001
234290978 0.010
79019440 0.000
144069484 0.037
180213453 0.000
314826925 0.013
232073649 0.000
237315056 0.006
403138222 0.889
237866103 0.019
220486712 0.000
139349960 0.000
403284548 0.002
33717531 0.264
51938503 0.176
235015262 0.014
182735100 0.056
79113711 0.187
52015793 0.012
410213494 0.004
370282727 0.005
389048677 0.002
29280926 0.386
231239993 0.000
182910208 0.188
117512215 0.134
183642399 0.034
77368990 0.135
149175965 0.000
319258805 0.033
441397779 0.026
232072122 0.031
405477232 0.062
419794313 0.010
355447646 0.124
290304823 0.000
89302403 0.047
71317881 0.000
394346712 0.002
50313691 0.001
290132519 0.027
220490643 0.020
293467222 0.160
220578650 0.015
219316480 0.001
215197096 0.200
469973025 0.005
277835844 0.001
201292294 0.171
140827714 0.000
144070253 0.112
197961941 0.000
425939996 0.075
394231418 0.045
161174428 0.250
52257219 0.048
52016267 0.107
201254383 0.000
24671709 0.029
231826813 0.001
279740796 0.001
293526535 0.040
79283384 0.013
38951916 0.000
261560580 0.000
180417423 0.126
181446366 0.329
273514791 0.067
161458922 0.196
140047825 0.032
325097545 0.000
212350511 0.080
406279142 0.035
147352084 0.047
370231741 0.002
139300627 0.617
441200879 0.157
44564407 0.043
79103253 0.049
139266569 0.006
237879132 0.019
38936627 0.001
394005258 0.736
139988015 0.840
308851965 0.000
425866474 0.019
234996030 0.000
219335419 0.000
237939104 0.021
33718310 0.126
270298653 0.000
39082451 0.072
219317590 0.001
50386269 0.000
238183068 0.009
266927412 0.000
182909722 0.172
117510305 0.138
220512466 0.037
181659676 0.000
394274161 0.000
267261680 0.078
382383433 0.143
143949310 0.011
139200718 0.119
265488438 0.006
180212670 0.018
263053999 0.001
38935822 0.027
33767824 0.225
152286648 0.267
139356472 0.072
181453472 0.021
197990118 0.023
394598010 0.000
231626391 0.223
325393317 0.000
29286864 0.055
92222471 0.261
403151610 0.950
31744334 0.000
71317436 0.000
182729710 0.118
117515429 0.002
229807319 0.018
410388895 0.014
267491389 0.014
238183069 0.008
180609244 0.011
38899215 0.058
394582778 0.000
273368107 0.000
325342502 0.000
181886403 0.013
88222973 0.000
469849163 0.104
278538136 0.072
206498303 0.592
394560386 0.027
316881708 0.100
182293386 0.040
143924192 0.100
355635429 0.065
181234028 0.006
238203678 0.091
234290505 0.100
144002302 0.110
316914561 0.486
394586832 0.053
139322427 0.000
52016094 0.034
182729783 0.027
209396289 0.041
277750949 0.029
92254258 0.049
31945753 0.000
316967125 0.000
220388453 0.014
31798066 0.001
234305809 0.002
394015572 0.002
257738894 0.023
394124153 0.003
139934984 0.889
206440674 0.264
180795962 0.064
237339854 0.005
220568779 0.868
439364538 0.070
25202979 0.041
79249774 0.104
318568884 0.000
406274464 0.001
261749149 0.002
201286340 0.000
220491556 0.659
149253955 0.000
139326517 0.229
419667999 0.009
412065683 0.008
117545530 0.000
281596804 0.000
388179664 0.000
269832259 0.042
293508159 0.012
394005754 0.543
231864288 0.011
181879160 0.004
234283523 0.000
266878072 0.002
231912710 0.000
394135279 0.000
235043260 0.000
181879156 0.009
126748381 0.071
209400164 0.045
231831283 0.000
180206739 0.063
277874876 0.001
79325888 0.000
394340694 0.414
50345903 0.004
261643976 0.001
394596952 0.001
267361655 0.056
139363554 0.018
231840647 0.000
32069961 0.300
92442377 0.032
88244075 0.047
259901415 0.000
381853621 0.000
52016274 0.098
290495385 0.007
273395376 0.001
389727408 0.001
318514959 0.022
139469877 0.701
409140767 0.099
273863974 0.000
238867831 0.001
355209615 0.001
304102772 0.000
290647139 0.023
206549988 0.089
231262282 0.179
403282905 0.011
139896196 0.126
277775375 0.000
261543762 0.032
382303868 0.041
220512467 0.033
406346873 0.001
304033173 0.010
161110862 0.007
403121307 0.012
181655980 0.096
403222748 0.009
139770596 0.001
209403757 0.407
267088236 0.002
266998484 0.067
273475464 0.000
425937691 0.004
144216786 0.156
139765329 0.002
425937443 0.000
267321940 0.203
181042488 0.316
394598689 0.013
79171401 0.030
50474823 0.000
376931073 0.158
277909646 0.460
206438870 0.093
273604845 0.001
376935868 0.168
394482682 0.349
279726925 0.058
263004601 0.001
181050986 0.699
355585273 0.004
197988910 0.032
215256788 0.960
406320521 0.000
144000429 0.069
117545527 0.000
161134880 0.000
139199811 0.001
51909770 0.001
149990400 0.023
267088726 0.091
39047553 0.075
325489497 0.013
25358338 0.004
231239788 0.037
238876417 0.418
314825534 0.001
219119023 0.088
441381793 0.017
317059618 0.545
79273478 0.000
144199849 0.011
117545040 0.472
425937450 0.000
182735614 0.001
425976089 0.000
51914609 0.383
79355839 0.003
441452298 0.111
212323716 0.972
327670180 0.000
79010691 0.108
358576801 0.043
182293011 0.101
181886679 0.103
231697035 0.006
231630577 0.024
393948663 0.002
358106170 0.000
139803699 0.062
182300259 0.015
261723087 0.013
273606773 0.102
31926340 0.000
394005251 0.446
381855507 0.003
290497301 0.007
425999321 0.034
355704813 0.077
220388448 0.016
233965790 0.001
161303207 0.004
182729742 0.039
143822656 0.001
40973339 0.001
181042094 0.181
139992222 0.034
33837443 0.283
33733618 0.099
394701364 0.736
325095288 0.027
139468902 0.000
232068425 0.004
358108545 0.070
231629480 0.000
441124966 0.196
180213449 0.000
147268024 0.031
277938676 0.000
31654682 0.000
259901124 0.000
212320268 0.162
314865597 0.001
38424836 0.018
290607182 0.011
220498210 0.005
139348387 0.115
238890724 0.001
79424506 0.067
51915111 0.015
52015792 0.021
262824793 0.001
234999422 0.008
238852676 0.010
229041245 0.000
33716900 0.256
410462804 0.006
52381483 0.000
32000425 0.000
234331106 0.002
147132974 0.000
238170006 0.009
273849915 0.011
261654924 0.001
238194923 0.001
139899376 0.000
231863880 0.006
220504530 0.000
392815475 0.001
265469128 0.000
469907958 0.001
201249322 0.017
284073688 0.000
469945949 0.266
139996711 0.009
88222952 0.000
220510444 0.028
161167874 0.068
229055441 0.031
215195762 0.021
201249318 0.008
279648807 0.108
147302320 0.002
293438120 0.002
231267979 0.053
139130868 0.001
259719704 0.000
234525381 0.066
152936913 0.126
219320100 0.000
263071904 0.035
469945945 0.265
401985036 0.008
270204213 0.006
382381028 0.001
382373255 0.002
229055438 0.028
300653399 0.001
219322598 0.037
231626761 0.100
92315871 0.032
280829989 0.001
220493110 0.004
31745940 0.001
267091650 0.004
234333946 0.001
220501053 0.760
339579422 0.047
139091033 0.000
394495389 0.000
161221229 0.051
278662544 0.003
403288821 0.000
51994151 0.038
219317273 0.001
382412369 0.110
238200343 0.001
469870909 0.000
238186611 0.215
220511592 0.000
358455807 0.281
33715956 0.310
214203694 0.000
206352590 0.002
50346356 0.004
303974092 0.000
235007568 0.001
394558744 0.000
212252315 0.059
161263358 0.085
10002148717 0.202
421893327 0.000
152826734 0.000
393942138 0.069
219334310 0.118
262841453 0.009
140067232 0.048
394359042 0.000
403235908 0.001
89020562 0.000
278657064 0.028
293482385 0.007
182293170 0.005
52367940 0.001
234294520 0.023
238191653 0.250
290131591 0.096
421893331 0.126
97434684 0.025
52060376 0.020
139935684 0.097
273514657 0.000
281598414 0.008
234304939 0.001
349274047 0.001
281541063 0.000
32050865 0.006
293484202 0.006
267193426 0.197
31798072 0.001
469981025 0.000
139322292 0.290
180416955 0.021
394356887 0.013
267496478 0.009
314864305 0.000
299802173 0.173
139300503 0.170
220484993 0.001
425882745 0.001
406320608 0.008
309716328 0.026
261644656 0.000
31925242 0.002
126764436 0.083
389426854 0.000
237886885 0.000
261749068 0.094
33837024 0.330
55450354 0.128
299798795 0.010
212349274 0.170
219331852 0.010
260981614 0.000
79273471 0.001
314825931 0.001
370247944 0.075
394777924 0.071
277912443 0.007
425999465 0.002
318514916 0.025
176936360 0.011
261656367 0.001
263015670 0.008
50377733 0.204
382374399 0.471
273324876 0.001
139827586 0.203
79406933 0.000
139187950 0.019
139935202 0.100
139916848 0.509
232072870 0.000
358455725 0.128
183492628 0.103
267185655 0.000
290463962 0.007
79019442 0.000
220488790 0.380
201332590 0.001
394244619 0.000
231641487 0.166
267215227 0.000
266879342 0.001
273475467 0.000
201311667 0.000
290403693 0.001
355650616 0.006
152253076 0.004
269857520 0.027
238892775 0.001
279317059 0.000
31633991 0.000
267092459 0.002
469979084 0.001
304133038 0.000
402103706 0.001
139127463 0.728
234505545 0.000
325393312 0.000
234283522 0.000
197986296 0.002
293526526 0.053
277752361 0.003
38704802 0.000
231700850 0.042
61708474 0.017
412064024 0.000
139985769 0.096
238169256 0.002
394372611 0.000
33910336 0.008
278658196 0.002
431479583 0.070
309627157 0.020
277939152 0.000
270343887 0.001
293483989 0.001
212358150 0.083
277941447 0.012
121471425 0.054
403151221 0.037
79248605 0.000
261498747 0.000
214517477 0.025
237939125 0.043
206363771 0.000
143822655 0.001
161305699 0.002
176958082 0.001
304133039 0.000
79514112 0.186
201248233 0.010
234333579 0.009
139207914 0.000
469850534 0.000
279728657 0.011
355369193 0.027
328012699 0.003
197733298 0.105
265530567 0.002
51934354 0.038
79247652 0.000
29498477 0.062
327599413 0.101
317326823 0.000
220493104 0.001
231262738 0.000
389129416 0.008
355601852 0.004
302967620 0.001
394678814 0.023
237921959 0.042
348770321 0.196
441157706 0.705
267193222 0.016
469883190 0.008
139349691 0.134
144069429 0.003
389126472 0.000
262956473 0.003
403124112 0.004
388129444 0.020
220511586 0.000
314864866 0.074
238175648 0.005
409698126 0.012
220484790 0.001
410213497 0.003
140067240 0.047
394137792 0.001
79397560 0.001
232082938 0.000
382414951 0.072
261722992 0.005
231848236 0.468
293438762 0.001
92594831 0.070
219144162 0.087
290650257 0.001
141766836 0.001
238890718 0.000
126910528 0.057
273514658 0.000
323444266 0.017
39078850 0.013
273986935 0.014
219329957 0.001
219327686 0.056
277888944 0.001
211413154 0.065
219316485 0.001
394231417 0.042
308537793 0.006
147114090 0.103
231844926 0.000
376986519 0.003
51994173 0.001
273399670 0.020
314864789 0.133
180412929 0.136
426031899 0.000
426030205 0.000
259846606 0.004
421894038 0.003
287148391 0.000
220488034 0.004
259862740 0.000
181886511 0.020
88330505 0.139
147302740 0.023
161172258 0.000
402288867 0.363
403237836 0.005
140044728 0.026
143859536 0.040
31654824 0.001
31925239 0.002
234505239 0.000
144192927 0.083
139362314 0.008
79247661 0.002
339577288 0.004
182734938 0.160
394358698 0.057
304054721 0.046
318515527 0.214
231626606 0.640
355366980 0.000
25137320 0.135
261540467 0.184
201248032 0.008
277837686 0.001
238855658 0.000
302300822 0.029
389727993 0.001
144046160 0.000
79281729 0.529
79223351 0.000
88274860 0.112
181229951 0.011
316853756 0.223
214299961 0.159
280051341 0.000
317015551 0.005
143952514 0.173
197952183 0.015
161113370 0.001
238170789 0.000
441155278 0.124
358070025 0.120
231864023 0.001
161262552 0.002
165096834 0.503
50345294 0.000
403152791 0.001
79422107 0.000
232073950 0.000
410089691 0.006
277938668 0.002
139363131 0.027
389125424 0.080
235037536 0.000
402100353 0.037
259765438 0.003
281763439 0.002
394007697 0.657
394168526 0.000
234295608 0.001
262818237 0.001
394287329 0.001
318608642 0.002
126893501 0.090
381856206 0.000
261460039 0.000
180206506 0.029
182909951 0.040
238179054 0.001
139200090 0.019
273986722 0.001
231835465 0.349
183307050 0.183
309715858 0.015
403135932 0.001
51993968 0.058
161110859 0.006
319247130 0.003
79170661 0.011
370108164 0.066
150106302 0.023
325342498 0.000
44564411 0.025
389129901 0.379
267183027 0.045
139880224 0.003
182300078 0.012
410444807 0.078
53753435 0.131
279737991 0.059
259862737 0.000
394679934 0.000
161358559 0.000
325525386 0.066
273878939 0.000
419737220 0.581
270261937 0.000
270395038 0.000
91369730 0.008
267491266 0.123
327712782 0.004
220519940 0.081
161290048 0.000
79180548 0.000
419793403 0.026
279737988 0.111
181886929 0.280
31799296 0.017
376986261 0.001
425863973 0.004
31927353 0.000
31655791 0.001
31797624 0.003
79325889 0.000
302987312 0.005
234548892 0.013
314866543 0.066
327670177 0.000
79223347 0.001
234507155 0.143
425513233 0.099
139190618 0.076
52016249 0.197
376931427 0.102
220562693 0.002
139723163 0.199
233966981 0.000
215113527 0.175
219138370 0.091
403138181 0.000
50381842 0.494
277717835 0.053
143851893 0.000
231632372 0.001
259886469 0.000
161153809 0.001
150431451 0.000
182078287 0.237
273551414 0.025
370248638 0.197
293525178 0.005
302965031 0.016
219318312 0.330
259763318 0.002
92592775 0.123
231240092 0.218
300653412 0.000
220497660 0.298
238169958 0.000
394701325 0.318
327667965 0.006
370324899 0.000
325207895 0.000
220557314 0.000
52016221 0.049
425937447 0.000
261460040 0.000
279255837 0.577
52153898 0.005
314825081 0.064
231635100 0.000
280051331 0.026
29345687 0.449
293568096 0.042
270203805 0.004
182300552 0.026
29668456 0.068
280803516 0.174
209401111 0.035
404804908 0.417
394356953 0.000
183495060 0.058
234287863 0.000
277683019 0.019
328011550 0.000
183802354 0.211
52059035 0.960
290607170 0.035
410442302 0.001
52057768 0.000
441419447 0.463
394046320 0.000
262818734 0.101
182521756 0.724
281779339 0.003
220497664 0.256
469851870 0.072
79302017 0.164
421940975 0.226
197952181 0.015
410135762 0.001
267210079 0.000
358577029 0.107
273651667 0.012
410188393 0.000
52154717 0.239
92195610 0.448
92650790 0.059
403152644 0.007
139773750 0.085
147208177 0.001
79397561 0.001
139729734 0.001
370326943 0.000
267185647 0.000
290607177 0.011
161175109 0.064
281727642 0.000
299754486 0.001
180206794 0.000
394019417 0.002
299802176 0.197
31926335 0.000
220522586 0.000
376936788 0.000
348717433 0.014
238869956 0.006
234520977 0.007
139841712 0.185
382414680 0.011
219317592 0.001
197764378 0.219
237312011 0.000
382582811 0.007
293439179 0.000
44565130 0.226
140068644 0.677
325490212 0.012
220495671 0.264
421897081 0.072
182521534 0.131
71335650 0.002
293508165 0.012
235016626 0.000
358108228 0.002
182293297 0.014
232085556 0.037
394356012 0.102
403124105 0.004
38823433 0.262
139188336 0.002
79403456 0.000
370229144 0.138
439364522 0.015
52367945 0.001
139874746 0.144
271504054 0.115
52381481 0.000
38937596 0.002
406342746 0.097
79056879 0.168
277802407 0.003
161271587 0.062
220562401 0.000
79248611 0.000
235037479 0.001
38425090 0.040
441381476 0.062
179987744 0.112
262956772 0.014
403138185 0.000
370249163 0.000
140044659 0.446
89042922 0.024
79103264 0.066
33666135 0.289
140048384 0.054
180206885 0.005
355766804 0.055
206327508 0.000
260708271 0.000
211414177 0.029
261656366 0.001
147421373 0.058
403122338 0.000
259963760 0.014
355766321 0.001
293568873 0.068
232073642 0.001
394230082 0.098
231664079 0.028
325339929 0.000
263003382 0.001
261257595 0.012
280790676 0.001
279854663 0.001
24706285 0.000
211412626 0.000
370232736 0.378
403136480 0.297
273651668 0.013
231858072 0.001
51994122 0.001
238184085 0.140
281575019 0.002
231270565 0.192
180610396 0.152
355577975 0.050
181051390 0.023
147132982 0.000
231826010 0.001
277912445 0.007
355789487 0.001
394287035 0.020
277802409 0.000
279648870 0.002
269761535 0.000
232062375 0.043
388179926 0.015
180618316 0.011
419670002 0.005
267428609 0.078
180417361 0.028
182301151 0.248
52075341 0.078
370010440 0.009
38899312 0.000
197762594 0.102
267496809 0.261
382603173 0.000
238818425 0.055
280698759 0.008
51934399 0.026
273511219 0.000
303974094 0.000
325206129 0.001
238894391 0.002
269992863 0.016
469970987 0.000
232073645 0.000
144216850 0.000
238181258 0.014
212320256 0.027
79103728 0.052
382382022 0.003
139285669 0.000
302987310 0.006
309476293 0.018
348760130 0.001
381913173 0.046
266635856 0.195
350224354 0.001
273606403 0.152
79272590 0.172
314888871 0.000
355687467 0.001
139328099 0.063
389010254 0.142
270100037 0.036
143896719 0.068
139804841 0.055
402104026 0.020
147248762 0.000
394485016 0.001
39080548 0.034
143855293 0.107
403152654 0.000
403282093 0.000
219328400 0.000
290370885 0.043
279856121 0.000
237326686 0.000
52205448 0.000
152832089 0.454
277716174 0.000
121423685 0.015
52205451 0.000
426012834 0.032
277912945 0.000
426029422 0.504
231264603 0.231
267082550 0.002
139803951 0.139
293466536 0.001
237883772 0.009
219334128 0.103
209397595 0.082
139897497 0.030
267323906 0.001
143851099 0.001
426031936 0.000
161356843 0.000
44626671 0.163
394681790 0.001
139773084 0.112
201252826 0.003
394231124 0.000
392815476 0.001
32050868 0.004
50270508 0.011
402110851 0.106
425513310 0.005
394005244 0.879
234331103 0.002
39081780 0.031
39080549 0.022
181659772 0.007
277939151 0.000
143949002 0.066
53991720 0.009
121472324 0.001
238230005 0.000
394005759 0.604
267361500 0.009
394275035 0.000
370237892 0.002
197989698 0.020
237878082 0.001
350157668 0.893
265589684 0.000
267362165 0.013
277775302 0.000
238170012 0.003
281541068 0.000
394136141 0.000
469981019 0.000
139198593 0.134
52194356 0.000
180205882 0.364
206355152 0.009
409857043 0.000
350223693 0.000
302114123 0.154
261498745 0.000
32177278 0.010
220490437 0.000
259845607 0.000
265470261 0.001
139127628 0.028
261722701 0.000
389729524 0.022
201292105 0.003
382635931 0.000
419635436 0.000
52402812 0.002
389124245 0.046
215196961 0.334
51909895 0.018
425953125 0.001
273790855 0.000
302967559 0.000
182905086 0.147
355766802 0.057
262788165 0.078
369713191 0.002
212264791 0.221
181234127 0.030
70440470 0.139
231827135 0.051
410445547 0.000
261561660 0.003
144216851 0.000
370284036 0.214
300579564 0.257
77463636 0.949
147332986 0.001
403122884 0.655
260971564 0.000
181879475 0.029
394580306 0.001
279740795 0.002
392815252 0.001
31852524 0.017
355424473 0.000
220523764 0.007
234968125 0.001
117511355 0.041
220573617 0.152
44578916 0.132
273606132 0.000
261643972 0.002
38951571 0.001
382635929 0.000
370249155 0.001
182294154 0.105
234333175 0.001
314889296 0.000
219336670 0.795
88329897 0.024
260841457 0.001
469970988 0.000
376932469 0.019
144252034 0.164
425975347 0.000
201230197 0.217
183120878 0.008
181446971 0.002
219338211 0.008
143923650 0.002
403150278 0.347
234300182 0.000
238197493 0.011
394656856 0.006
197959892 0.114
237882771 0.001
289844361 0.154
201308286 0.051
219338205 0.076
232059706 0.049
31635050 0.001
231262735 0.000
319245343 0.026
139773738 0.308
220377012 0.000
262825168 0.000
152879305 0.592
201309267 0.018
167896557 0.000
260982099 0.001
394358569 0.024
270311448 0.000
52284857 0.000
10000112877 0.290
79174015 0.114
201334380 0.000
161358848 0.001
403238861 0.013
394585733 0.001
394212654 0.113
273395768 0.000
394105360 0.008
265467432 0.000
117512289 0.047
277937857 0.001
39071006 0.001
260711999 0.025
139285666 0.000
273324873 0.001
419635446 0.000
33717680 0.000
273514801 0.046
355446369 0.035
201309268 0.022
79249067 0.006
267320350 0.063
161113371 0.002
38706462 0.006
201249384 0.004
299832345 0.289
339960259 0.136
409697914 0.001
394086064 0.000
355586106 0.029
280793959 0.009
234331689 0.034
79171411 0.017
147249655 0.000
161171529 0.408
201334170 0.000
201236098 0.001
92863064 0.001
259786181 0.004
370250749 0.000
219118940 0.001
238190378 0.211
182521481 0.219
215054739 0.203
370282792 0.002
144069431 0.003
161111673 0.321
308851960 0.000
161207832 0.493
39080523 0.107
316969746 0.019
382461907 0.151
270039255 0.099
441381475 0.028
402110488 0.001
269729286 0.035
182734530 0.000
79328083 0.121
219325920 0.001
265488609 0.001
147332983 0.001
38807028 0.041
234507163 0.077
394015782 0.006
31652625 0.000
181230088 0.167
220562404 0.000
139128221 0.335
206615536 0.021
161356844 0.000
234280173 0.001
139327908 0.452
152826737 0.000
294153025 0.001
161358107 0.078
212257793 0.045
394372620 0.000
238812282 0.055
180212578 0.551
44564410 0.025
382635551 0.054
200645940 0.027
263079378 0.068
469933917 0.021
181879901 0.039
220378974 0.071
180618347 0.194
260971511 0.001
197767504 0.007
219118941 0.001
280802155 0.003
421873158 0.718
197957466 0.007
204584352 0.290
79305253 0.004
304058518 0.000
231667346 0.000
277910143 0.057
31633988 0.000
412064749 0.002
181050397 0.016
200646291 0.002
180609374 0.087
393979111 0.315
402064205 0.000
317058757 0.027
231829899 0.000
389726527 0.000
232070276 0.000
52154716 0.261
394585736 0.001
212257922 0.259
394558902 0.002
180212612 0.004
277775382 0.000
183981638 0.001
410086397 0.004
410188395 0.000
274225530 0.072
425466237 0.219
303909558 0.000
25245665 0.119
38950816 0.000
394579763 0.017
33734560 0.335
261725445 0.007
231827782 0.010
238192126 0.103
394340954 0.014
161172256 0.000
376931107 0.162
181043742 0.013
181454898 0.001
441329580 0.616
355446483 0.001
370239753 0.004
160037373 0.000
281740200 0.001
39164683 0.010
267000985 0.001
234336665 0.000
139987985 0.953
231835852 0.001
139985925 0.006
33836221 0.000
394558742 0.000
259963354 0.013
235001628 0.031
265437284 0.012
376937871 0.000
388200481 0.001
389756661 0.000
348718058 0.004
469852647 0.002
139728912 0.043
355368982 0.000
139232645 0.134
32198685 0.026
277909658 0.003
279638793 0.001
143996528 0.000
29836271 0.158
181453851 0.057
234333571 0.009
79283165 0.000
431589173 0.231
238169252 0.003
382383797 0.204
234301136 0.034
182910100 0.036
161314767 0.053
52195812 0.005
301891884 0.025
238197396 0.066
180417202 0.024
270034908 0.509
277909999 0.005
139198255 0.002
139188328 0.020
306576727 0.067
267266057 0.333
231697490 0.001
317098857 0.080
24694818 0.005
369707927 0.000
394558749 0.000
180617476 0.019
219141390 0.000
52194976 0.003
277687679 0.000
182293954 0.029
143821768 0.006
273789554 0.013
348771368 0.001
261525354 0.001
33716045 0.045
402044913 0.000
394273807 0.002
182729922 0.032
348771485 0.033
161272151 0.803
182909903 0.027
220490433 0.000
370010444 0.013
293618396 0.047
197762595 0.042
280801604 0.000
261644661 0.000
143980227 0.000
314867237 0.112
129678426 0.059
147331580 0.282
220562694 0.001
290304829 0.000
144199314 0.132
10000112980 0.718
412051324 0.091
431380450 0.071
71272442 0.740
159672250 0.087
267091646 0.002
325093703 0.001
181051469 0.438
52309975 0.000
381913649 0.041
234518883 0.019
388199973 0.000
235037481 0.002
200646294 0.000
235007556 0.001
469976091 0.016
201253980 0.001
139468553 0.168
382635553 0.053
237885324 0.000
88246943 0.000
370107618 0.037
293525776 0.006
147132976 0.000
50309326 0.027
281541070 0.000
293507177 0.002
181886261 0.019
406345372 0.000
201292296 0.177
471012589 0.043
31945671 0.005
141766191 0.000
24694771 0.106
177078644 0.000
277689361 0.107
303974089 0.000
204527796 0.757
161154432 0.031
316968524 0.000
235038559 0.155
358069694 0.002
382605413 0.016
51910118 0.016
89397509 0.068
261541335 0.105
403265264 0.000
38899686 0.386
33665711 0.228
212264830 0.644
51914996 0.027
44625047 0.000
304055425 0.001
410135746 0.000
280053867 0.012
50382199 0.015
419793478 0.023
270200946 0.007
277939188 0.000
355577451 0.004
376935930 0.458
370247936 0.081
394731585 0.005
220379708 0.006
419737218 0.216
183978706 0.026
231641320 0.231
204394555 0.000
409857035 0.000
270203802 0.006
234305804 0.000
269830039 0.958
182910198 0.076
200646297 0.000
234280178 0.000
318609603 0.031
317015563 0.002
149302983 0.000
469970934 0.000
426012117 0.000
304032603 0.041
40973334 0.000
238196439 0.000
79273547 0.000
327598249 0.030
369684297 0.000
435869004 0.020
238229921 0.048
406280319 0.004
270343883 0.002
306633451 0.912
304102181 0.000
121470240 0.034
299779868 0.969
358455921 0.250
38842923 0.000
234287862 0.000
237336945 0.100
220491897 0.002
425934309 0.000
469853764 0.053
279315756 0.000
238187300 0.399
316832060 0.001
304103228 0.000
314824957 0.247
231850612 0.045
327598254 0.129
144443624 0.003
261646320 0.020
219324703 0.000
314827859 0.045
144069430 0.003
265492172 0.044
237880881 0.028
182293608 0.338
350272281 0.000
237329005 0.006
355653322 0.001
201364373 0.010
140049668 0.113
403265258 0.000
279051312 0.000
280801571 0.765
410339990 0.009
197959099 0.000
306671911 0.000
117512952 0.300
235037541 0.000
269729292 0.004
358071122 0.147
89043676 0.001
183802276 0.004
358457682 0.048
358502105 0.039
238203224 0.048
273945456 0.002
182729614 0.220
161381502 0.000
273986719 0.002
261541522 0.000
273396480 0.000
403124110 0.004
212290103 0.153
209399451 0.021
29666930 0.027
79012501 0.216
206463404 0.030
394341715 0.045
269879885 0.072
290486917 0.247
376936075 0.002
161356840 0.000
325525541 0.417
284073685 0.001
152825245 0.000
201291228 0.001
394285935 0.076
388199966 0.000
180796256 0.081
381856202 0.027
394558743 0.000
31655792 0.000
201254381 0.000
277873174 0.000
143997650 0.234
52118634 0.043
24692894 0.000
139469424 0.039
270203114 0.001
270391712 0.004
355736615 0.000
238194459 0.001
273415909 0.008
201249189 0.000
143896701 0.000
277874877 0.001
238188765 0.014
238229144 0.360
181454358 0.092
140047815 0.005
33717352 0.000
232083054 0.002
293482603 0.009
259291370 0.001
181234121 0.002
231847034 0.001
421895437 0.002
426012826 0.023
183302725 0.256
52368472 0.000
182294106 0.003
238192245 0.000
304102778 0.000
231667402 0.253
267095422 0.093
181454133 0.120
212264989 0.444
180412875 0.000
52205980 0.000
280792376 0.001
290304262 0.082
117511917 0.083
231670357 0.106
201286348 0.001
211353797 0.000
259901389 0.073
234524312 0.012
469970996 0.029
121468877 0.065
267212280 0.045
197990212 0.002
279637982 0.008
147202138 0.060
267040519 0.000
140691463 0.098
141000263 0.000
201334375 0.000
273512747 0.109
234333948 0.000
201332589 0.001
382456379 0.000
231632224 0.011
88329383 0.104
355583059 0.448
79056875 0.482
52193665 0.005
238818220 0.001
161170982 0.000
89040782 0.001
263079617 0.000
306826872 0.000
180205911 0.002
182300208 0.039
355448664 0.180
143949001 0.083
325468421 0.000
266926571 0.030
231712555 0.082
281574087 0.495
393941561 0.012
403268179 0.114
79283175 0.000
421893319 0.285
150190118 0.001
219316817 0.084
394135061 0.011
419739441 0.005
327709390 0.001
426016874 0.001
231240938 0.000
232085494 0.003
269857351 0.000
139987780 0.333
316936407 0.727
303952550 0.011
381913644 0.312
212264668 0.044
277691914 0.010
219325794 0.560
267000816 0.001
300579545 0.716
214368331 0.017
197990207 0.002
139880225 0.002
279675481 0.070
139990364 0.127
238818218 0.001
206354655 0.000
237865485 0.055
265470267 0.009
350745215 0.000
161266593 0.414
261680532 0.176
358070463 0.027
