287174912 0.037
333603410 0.324
198007679 0.019
152310122 0.215
220577249 0.035
164771734 0.117
178198052 0.176
100918259 0.011
364265133 0.053
326198086 0.008
41255504 0.060
439411755 0.212
212978162 0.418
326186371 0.045
268639763 0.044
268770513 0.036
269572346 0.074
382340446 0.139
160226401 0.064
122618067 0.000
37664812 0.174
111363447 0.038
259977065 0.033
439498894 0.101
300015853 0.081
259864395 0.000
237914635 0.000
212378599 0.440
326104737 0.164
212384037 0.009
10881285 0.000
290178887 0.092
439492256 0.675
269486747 0.013
399702888 0.148
408003170 0.167
299121137 0.053
259963759 0.109
262809283 0.009
167440207 0.020
10836111 0.014
77529164 0.001
24928150 0.057
278955112 0.040
287187593 0.179
279738096 0.080
268616398 0.203
382340740 0.013
7317831 0.047
260537761 0.068
146246865 0.035
439467565 0.017
369577423 0.104
212376561 0.174
167797348 0.207
197888479 0.066
212378718 0.101
201858062 0.163
200787153 0.000
37652766 0.447
32353178 0.002
32258478 0.000
28091547 0.983
388104413 0.020
439489318 0.003
10841735 0.623
54002664 0.000
29923043 0.000
244178922 0.041
158550931 0.014
279672579 0.060
178170697 0.005
262876193 0.294
201792236 0.026
141943618 0.000
66536072 0.000
166809902 0.000
122618066 0.000
290172682 0.032
380881997 0.041
97473807 0.040
358252794 0.271
241765397 0.045
139370730 0.000
136845668 0.019
198034554 0.004
344225252 0.085
404466287 0.025
220570734 0.085
159924817 0.101
439489662 0.277
37652737 0.458
439460056 0.092
10839598 0.047
70552964 0.041
259929914 0.038
270315455 0.146
198006892 0.037
10879811 0.120
279648086 0.062
32257798 0.030
206458620 0.002
123292147 0.074
213013834 0.035
404465876 0.068
248343164 0.000
24928145 0.010
237919111 0.169
268765586 0.034
393489279 0.060
248383859 0.041
31634472 0.056
197882476 0.120
146269125 0.001
92227214 0.356
159895967 0.133
229094307 0.079
150272867 0.000
244165572 0.013
38313107 0.140
220558315 0.001
257482824 0.012
7316147 0.036
355789510 0.022
142162720 0.051
38518177 0.041
241765412 0.039
260541677 0.119
398704578 0.148
152309950 0.110
146760769 0.000
206384378 0.000
419050794 0.128
43364911 0.162
138732336 0.028
198077397 0.016
197831152 0.066
300015572 0.023
98665974 0.000
266855397 0.069
321067304 0.000
33445221 0.106
302382747 0.048
248348569 0.108
284077401 0.155
43398819 0.380
40103428 0.000
439500676 0.012
101015146 0.000
415973859 0.067
369577804 0.016
423662760 0.005
257396292 0.005
344280976 0.026
198077408 0.206
201862364 0.257
3806642 0.235
220403849 0.000
33465608 0.069
198037646 0.147
32418630 0.363
38707887 0.595
24207856 0.006
33595516 0.005
98610723 0.333
138738860 0.127
270312970 0.001
439458233 0.081
32451444 0.033
260303942 0.088
241577402 0.019
198074686 0.047
423357271 0.267
241486090 0.595
111242661 0.017
316976812 0.059
439402776 0.095
75377150 0.145
32532773 0.094
241805941 0.152
197879320 0.102
266788292 0.000
138731745 0.005
248962267 0.279
244201396 0.007
29920046 0.548
10880506 0.037
212380501 0.708
198006122 0.055
38382200 0.145
31634279 0.057
279648366 0.060
469969397 0.043
248947943 0.012
100907964 0.044
365003233 0.040
244169972 0.591
248986582 0.196
7263849 0.032
248347675 0.189
197843896 0.689
24926126 0.060
29924116 0.007
206412620 0.001
425862362 0.000
70502900 0.000
246891728 0.007
268718045 0.068
75374616 0.001
37750419 0.077
28054347 0.000
244161394 0.143
241711735 0.007
37748596 0.223
111245172 0.277
32397954 0.021
364264574 0.015
32264901 0.001
199734786 0.027
92232274 0.309
244161017 0.059
419050814 0.278
439409190 0.098
268632954 0.007
7263693 0.000
100906759 0.176
259517011 0.023
396696445 0.055
259962587 0.107
269531306 0.063
29855758 0.340
92232007 0.112
300161126 0.005
423359412 0.085
197881872 0.652
79568918 0.000
290170922 0.031
158582688 0.067
40182160 0.033
259864399 0.000
300086018 0.007
92232267 0.034
439497035 0.260
268637804 0.001
212958207 0.150
439405827 0.113
32284522 0.004
339956401 0.034
100897313 0.070
313938838 0.000
197886681 0.438
248353188 0.069
333605655 0.168
43397905 0.033
439494207 0.030
212376782 0.088
77068551 0.039
372816903 0.000
146636926 0.012
257483026 0.239
220570737 0.113
122612091 0.010
167456368 0.050
219218841 0.108
439458156 0.005
92993227 0.103
32417972 0.028
3888459 0.265
415973906 0.522
62424740 0.060
248959497 0.102
10002571953 0.132
279727314 0.039
141807310 0.018
260354915 0.021
31637119 0.198
72637009 0.000
33715498 0.076
159895672 0.006
141979627 0.000
111245667 0.057
260368973 0.097
257501056 0.097
38510944 0.023
152356728 0.008
136864464 0.081
92984188 0.013
24295675 0.042
266785083 0.152
115350090 0.006
439465190 0.013
129765888 0.000
167008960 0.044
24249278 0.090
268638752 0.000
419050733 0.003
244134288 0.880
415973609 0.138
146250677 0.052
29920976 0.037
184398112 0.174
244178365 0.054
11488154 0.236
98665973 0.000
260270591 0.012
269506167 0.037
290170218 0.034
358806647 0.000
129737672 0.088
198006142 0.012
184240593 0.068
55454393 0.044
7219767 0.154
38424553 0.003
266877519 0.070
37716509 0.241
3810544 0.105
24926113 0.074
300967491 0.186
29855767 0.077
231291485 0.019
238181258 0.072
32534599 0.011
160221714 0.034
269531160 0.120
279742514 0.009
311924613 0.060
423668402 0.304
198038229 0.027
67654760 0.000
408015722 0.087
198078399 0.007
425998394 0.098
