339860361 0.000
133320378 0.000
185259682 0.008
158742841 0.000
136497732 0.000
453450713 0.000
192331205 0.000
361747399 0.000
5090021 0.001
308776655 0.012
71098692 0.000
410041989 0.263
374326747 0.054
363321652 1.000
446757664 0.000
89782184 0.000
318119563 0.000
289908286 0.026
361739524 0.001
383055891 0.285
101531287 0.000
321264830 0.000
45633612 0.916
443790365 0.033
33413473 0.012
29594704 0.797
29427824 0.001
363444395 0.001
185239300 0.407
20377494 0.000
270073986 0.000
432185547 0.062
303311374 0.168
191367770 0.130
5505382 0.259
36456803 0.052
23433496 0.000
306932473 0.001
158225119 0.001
73669581 0.000
36852339 0.000
132375337 0.050
146665596 0.000
90138761 0.004
318184317 0.089
56648151 0.270
53208523 0.076
303311397 0.409
344029459 0.019
358508507 0.000
55169218 0.164
144306685 0.079
73318888 0.000
294969353 0.018
47377538 0.000
434481182 0.000
37001338 0.121
47386630 0.000
158330486 0.000
447982549 0.174
29427846 0.002
76407414 0.064
38469787 0.000
33881026 0.035
20376261 0.001
141499754 0.000
219512978 0.064
364900407 0.999
185259700 0.267
309711633 0.001
132742936 0.087
306777222 0.000
46105056 0.000
359271535 0.042
391825954 0.006
463985199 0.004
373173715 0.000
193019962 0.091
446757665 0.000
176958082 0.001
4808879 0.000
148560724 0.000
434457576 0.000
272883117 0.042
141744551 0.000
101247310 0.000
447945215 0.100
103104601 0.000
44302797 0.001
71336936 0.000
106504049 0.114
294269741 0.022
268496884 0.001
443616529 0.000
54958691 0.149
35518308 0.066
55059369 0.000
75477175 0.001
44369169 0.000
462786902 0.000
290187457 0.000
32826563 0.000
132958640 0.066
296449337 0.002
46105049 0.000
429152610 0.095
297590823 0.285
437470492 0.008
400939413 0.000
281731203 0.058
5597109 0.151
307567897 0.057
92742637 0.000
152700368 0.156
140184411 0.000
375317058 0.026
314995087 0.000
5783388 0.001
5577431 0.000
144139126 0.014
31705461 0.074
145666806 0.000
20490470 0.118
307982488 0.087
191365105 0.009
391825950 0.006
413398042 0.343
211444079 0.531
219249304 0.066
38515451 0.000
62891269 0.012
294852868 0.000
193031810 0.000
38143679 0.579
29427823 0.001
141744495 0.000
29427847 0.001
178616716 0.001
294747611 0.039
167604549 0.010
5476922 0.000
132151010 0.142
257722016 0.001
408499751 0.000
386406826 0.050
22285991 0.000
375206116 0.018
149155348 0.004
141443894 0.040
294019765 0.850
4848514 0.000
33313215 0.012
293628177 0.008
31487383 0.043
211444809 0.004
285820177 0.033
457541811 0.001
287399336 0.082
295093397 0.039
432743383 0.014
297334256 0.036
132958706 0.009
371316713 0.000
398245470 0.031
47390968 0.177
360375910 0.053
146815427 0.002
35758109 0.000
446986351 0.000
141713380 0.001
423447268 0.002
32991565 0.000
385229691 0.533
81351825 0.000
33662422 0.960
49063287 0.000
147093244 0.000
173145592 0.568
211445833 0.207
386512494 0.404
462830786 0.066
359159627 0.001
35970786 0.000
310250017 0.028
140084977 0.000
259536021 0.027
272316802 0.000
269404115 0.000
286436203 0.013
334774977 0.000
461996998 0.093
103104622 0.000
401575863 0.014
31064366 0.151
356368588 0.357
358230100 0.016
36328322 0.000
158197889 0.004
5090046 0.001
38845747 0.048
34945567 0.006
268962335 0.000
71716888 0.041
92742632 0.000
45813458 0.000
429306449 0.000
308819326 0.001
307574951 0.001
270933314 0.014
35516889 0.049
272236981 0.001
307637608 0.000
306932061 1.000
310029282 0.000
429152614 0.080
32991620 0.000
45696208 0.013
55110838 0.473
81614230 0.061
11387950 0.000
219836410 0.000
192325034 0.285
34730844 0.000
72802264 0.000
443582802 0.083
309146820 0.050
453451399 0.000
335379038 0.315
284040344 0.000
299356080 0.000
318185073 0.000
445387847 0.028
415713535 0.000
53550311 0.002
278991366 0.132
167837186 0.021
19195146 0.074
303311377 0.474
73764693 0.001
55058790 0.071
53574111 0.000
121953348 0.000
340179350 0.003
191600211 0.046
347625370 0.000
81351828 0.000
335473389 0.000
355540189 0.010
344136432 0.015
26275301 0.180
145918761 0.033
35367896 0.112
47385140 0.000
19829282 0.000
102628479 0.018
44227591 0.000
190983016 0.022
357122839 0.466
102055464 0.000
132737014 0.289
34730866 0.000
44767938 0.013
144812800 0.026
72961434 0.055
46105071 0.000
380095729 0.245
81421115 0.053
463437429 0.020
310029232 0.000
434496628 0.000
383604335 0.030
33829577 0.002
387001911 0.015
146882010 0.000
429306448 0.000
157774001 0.277
991642 0.649
437232329 0.040
103058227 0.000
361834403 0.949
442449107 0.000
383513045 0.064
280960322 0.074
260602455 0.000
219643970 0.045
141744552 0.000
434457578 0.000
285217472 0.003
4853206 0.000
141744555 0.000
131965983 0.000
334891631 0.001
82371101 0.000
145666787 0.000
105990324 0.011
307367717 0.005
464632246 0.011
90138770 0.049
150428808 0.000
384095275 0.001
296449281 0.002
140858220 0.000
347625368 0.000
152775189 0.578
144167164 0.002
384095282 0.000
144215230 0.047
29594759 0.177
189476514 0.000
102419568 0.000
144140059 0.077
5597108 0.102
26272057 0.394
101531285 0.000
380038745 0.016
145711359 0.000
296449359 0.001
361747415 0.000
309710247 0.000
376150941 0.052
54988046 0.000
362602600 0.001
299231541 0.011
238594440 0.044
14344843 0.172
25077888 0.045
38846512 0.298
410363290 0.000
185193030 0.078
358402203 0.000
343022131 0.000
36124869 0.000
335377299 0.094
462536147 0.000
391825953 0.007
139901236 0.004
38845723 0.009
303300175 0.000
360777162 0.072
71342988 0.024
169226516 0.005
361747387 0.000
362093822 0.020
141856744 0.021
359905102 0.001
384954065 0.000
52105039 0.003
362933845 0.001
89329058 0.021
141744510 0.000
447938110 0.009
45548234 0.000
464631971 0.118
29978045 0.001
357023709 0.007
3778455 0.121
309716632 0.000
308051881 0.108
36841711 0.107
158225139 0.003
452711591 0.001
270840317 0.001
344136752 0.018
356838605 0.205
434493484 0.266
55401748 0.000
189565557 0.083
28952469 0.026
38205512 0.009
32991639 0.000
74619812 0.018
57068119 0.000
48279949 0.000
190942446 0.067
169227783 0.134
34811300 0.001
73498239 0.273
55006821 0.066
45494750 0.006
14342408 0.663
191780441 0.368
49175300 0.000
321289644 0.000
385230250 0.000
370374261 0.000
308018376 0.232
146661902 0.000
429152699 0.000
71336929 0.000
342883060 0.015
303862822 0.001
23269423 0.000
92742624 0.000
147665461 0.019
5598315 0.000
45813448 0.000
284070577 0.000
281580223 0.243
187970426 0.070
220168034 0.111
278860957 0.000
361420966 0.000
53574112 0.000
102419573 0.000
92742598 0.000
36734119 0.113
4170107 0.000
357302044 0.043
34736442 0.054
308051197 0.175
192331206 0.000
33819459 0.000
1007667 0.106
14342653 0.285
285993732 0.037
437287943 0.000
309920889 0.018
20499329 0.083
144144069 0.008
361834462 0.100
144272672 0.230
31921945 0.023
80104783 0.001
362159719 0.081
238421011 0.011
271191695 0.124
286937187 0.000
438089419 0.000
103251077 0.000
375471489 0.000
469034102 0.000
36944531 0.000
423494991 0.000
124527276 0.104
443494699 0.001
287145193 0.651
101531307 0.000
158151657 0.000
294271798 0.000
310029234 0.000
