343853078 0.198
210790829 0.100
293724052 0.000
30185811 0.000
16017285 0.102
293587881 0.100
258609544 0.021
261020168 0.030
362927515 0.033
429786957 0.000
35623783 0.079
283273867 0.000
454589379 0.027
301450751 0.052
58903594 0.203
361707521 0.000
360951739 0.032
430691826 0.070
41513333 0.000
127881438 0.001
261017364 0.316
442776382 0.002
414714368 0.021
167364861 0.060
46756668 0.073
390930560 0.044
254994904 0.000
262730910 0.000
361407889 0.061
332134724 0.000
298913391 0.465
453394781 0.025
214329903 0.056
1871109 0.010
292917882 0.044
150431451 0.000
29252194 0.001
454416862 0.184
59103927 0.084
19737187 0.644
462959007 0.051
177255827 0.038
37455454 0.013
361160716 0.000
370551713 0.000
383097928 0.139
448330435 0.024
177624608 0.142
340322084 0.006
392036612 0.000
380954922 0.440
361730038 0.000
216399791 0.001
234644095 0.045
260416664 0.042
256095009 0.857
279250728 0.111
258710008 0.040
394456308 0.073
245524342 0.000
259221307 0.056
442567069 0.001
40767994 0.034
266407836 0.137
91259387 0.210
296581587 0.085
305666763 0.060
418869155 0.019
278179099 0.001
35913196 0.001
215077905 0.000
448858818 0.067
389477593 0.025
146920547 0.018
207270708 0.001
392556014 0.000
215000239 0.016
448973673 0.000
424717492 0.000
263396473 0.015
159244015 0.000
39606402 0.158
43823360 0.015
37421625 0.062
293096132 0.051
55369219 0.000
341920739 0.010
446952092 0.000
448851259 0.012
357257271 0.099
39148228 0.000
245739041 0.013
150808457 0.156
258408950 0.000
403045997 0.000
216083470 0.174
371372289 0.000
82849726 0.001
204724058 0.012
121508925 0.022
448081385 0.000
343527452 0.001
336930846 0.040
402530905 0.000
462962102 0.033
314244205 0.023
454389124 0.217
446980722 0.043
332766657 0.543
150357290 0.077
90428943 0.103
360364855 0.012
37680532 0.044
214216457 0.175
399645590 0.034
263324896 0.000
161582189 0.044
451595833 0.111
455988870 0.081
144942195 0.020
293166100 0.000
460853158 0.024
259522472 0.069
410947365 0.005
383470534 0.044
360790936 0.000
381680081 0.209
189928657 0.001
190189991 0.044
453803620 0.011
406869216 0.036
129700995 0.001
291937984 0.060
41272047 0.003
294153025 0.000
403193695 0.215
455076967 0.000
96374208 0.105
142020956 0.000
217527705 0.045
348771351 0.000
43540234 0.039
222497536 0.001
42742219 0.017
423015813 0.030
394503734 0.000
144027694 0.021
418633770 0.402
363741860 0.010
46758121 0.003
150823645 0.352
301542439 0.000
426613211 0.275
59237801 0.042
278417392 0.000
3721735 0.038
190102898 0.066
342829816 0.099
362924448 0.065
43817686 0.038
191530857 0.005
93220052 0.106
362825688 0.000
360149157 0.000
259434268 0.103
363647594 0.024
402174219 0.725
38232950 0.018
280911977 0.000
274255958 0.043
350177589 0.183
430701861 0.000
298819316 0.001
154778898 0.061
3085399 0.017
446810328 0.000
143943726 0.001
14698753 0.009
208288221 0.037
429509296 0.001
149594029 0.029
225532394 0.000
149632045 0.019
236068636 0.016
211908762 0.100
393723561 0.099
214936961 0.011
218265136 0.000
217363341 0.736
343993832 0.000
277197478 0.000
461735247 0.000
294199849 0.069
323882453 0.000
289628661 0.015
254401321 0.011
295310737 0.000
330858026 0.502
215984543 0.001
357787848 0.000
343479986 0.001
446773052 0.088
395931166 0.000
461224050 0.014
157594076 0.643
67897957 0.027
326874037 0.015
82442403 0.004
131169121 0.090
296280450 0.071
141754299 0.018
423060492 0.000
162161810 0.001
361293501 0.010
217795066 0.083
164233423 0.009
309637939 0.008
198530297 0.362
456292984 0.224
363447400 0.001
216584571 0.009
294704109 0.023
217867456 0.144
215881461 0.001
388122975 0.082
263029069 0.000
152355092 0.025
362924431 0.141
454505387 0.109
337850256 0.000
192104432 0.118
388741032 0.000
427033697 0.195
303218719 0.000
80322423 0.078
454886657 0.000
385630736 0.001
67552596 0.060
448668601 0.000
24003713 0.692
442744537 0.000
442629080 0.051
143297796 0.061
258184397 0.150
41269163 0.000
23757843 0.225
150272865 0.000
258704082 0.000
298112480 0.007
38373835 0.029
350560802 0.073
327019908 0.074
420359386 0.050
413893978 0.001
30667543 0.013
195046425 0.001
395931144 0.000
388741074 0.000
384706327 0.846
144028129 0.031
205607590 0.139
262742461 0.000
260631060 0.015
397523100 0.000
284095968 0.000
296364463 0.012
382949992 0.023
254308688 0.000
381676800 0.656
64886329 0.592
28815152 0.118
189035878 0.000
296675031 0.032
211141533 0.002
395400329 0.000
171746620 0.043
397929263 0.077
294199873 0.168
153811022 0.005
282557534 0.000
255134813 0.013
293663253 0.130
386950071 0.106
14696905 0.074
225318072 0.120
448679424 0.528
294873015 0.000
104920598 0.000
456024517 0.002
424413301 0.019
217174630 0.199
455798649 0.000
292923887 0.246
18034500 0.500
281927472 0.131
461061978 0.094
35999089 0.057
287952644 0.974
95704853 0.000
98641738 0.041
343456677 0.079
339744219 0.085
454420099 0.068
454026508 0.049
331030788 0.367
218139305 0.000
257701910 0.023
37980113 0.055
8815181 0.067
341169064 0.017
361081507 0.037
65711738 0.005
448942816 0.000
164626934 0.155
150441156 0.007
287638163 0.069
218552920 0.000
258812834 0.029
379392364 0.001
414360120 0.000
340732030 0.357
45948987 0.017
44283704 0.416
272021983 0.001
280722237 0.000
448563672 0.029
421883410 0.010
421469138 0.100
191477883 0.015
43277728 0.001
300266799 0.483
224115432 0.005
388741028 0.000
426475233 0.000
254939915 0.000
338226963 0.796
293168691 0.096
426571788 0.000
456428479 0.000
394271360 0.078
426193852 0.000
395803808 0.000
33073382 0.072
262259706 0.223
30137120 0.017
260304296 0.026
309435257 0.000
59232710 0.239
410389126 0.000
234436623 0.005
448990064 0.036
206911915 0.000
44278138 0.005
446940166 0.091
298112457 0.005
343798824 0.007
448798693 0.108
280351326 0.000
423024497 0.027
292378805 0.072
403774952 0.244
386715171 0.030
360149458 0.000
422583988 0.003
399307033 0.126
361864274 0.045
254314969 0.000
96035144 0.313
384578465 0.010
289686616 0.002
190102880 0.087
196649577 0.000
190103763 0.001
339562696 0.000
294562157 0.052
260834919 0.000
376931818 0.000
35111931 0.132
2737920 0.080
136264266 0.048
90836739 0.020
260719981 0.023
213891296 0.113
38373990 0.038
269650794 0.000
41269306 0.000
216059336 0.590
452668731 0.000
454697993 0.289
307237991 0.004
452668896 0.018
158604334 0.000
396139115 0.026
398587583 0.063
360074006 0.128
33805295 0.018
395224153 0.000
149722351 0.004
141809397 0.000
360675934 0.000
170685333 0.014
41270903 0.037
301841343 0.003
400342562 0.155
214216414 0.051
160250293 0.104
278955741 0.000
451463652 0.061
392241982 0.010
426273757 0.000
94417493 0.000
77617369 0.003
212201277 0.006
394654926 0.000
347667587 0.057
395820765 0.000
341213054 0.295
14575784 0.024
448457265 0.106
302058763 0.000
421888301 0.023
218857631 0.079
189031996 0.031
262261094 0.001
228722552 0.048
446744216 0.074
142657630 0.000
300595246 0.000
425809694 0.000
446895639 0.000
344110501 0.037
418720164 0.000
363377917 0.000
217341389 0.068
456448315 0.051
254426590 0.000
360819128 0.033
399990524 0.735
211130650 0.011
256011769 0.016
35924505 0.000
259621457 0.037
175586942 0.038
5751027 0.002
50011022 0.000
162341874 0.007
263330228 0.105
261808105 0.078
263275473 0.002
362385076 0.001
41508905 0.095
213839558 0.042
271742827 0.177
388198040 0.000
211313928 0.021
211503741 0.420
217417032 0.305
454886660 0.000
294613711 0.000
423673634 0.056
280816823 0.056
454538648 0.000
217385229 0.108
37212469 0.175
266128068 0.440
412731961 0.001
452443320 0.000
149330516 0.001
207443403 0.212
262375334 0.511
270764177 0.281
150357282 0.190
342727108 0.000
263311050 0.053
257783350 0.277
96233776 0.099
38356234 0.072
411826660 0.000
295867237 0.354
448897945 0.138
447994599 0.000
42424191 0.000
384666567 0.021
426233487 0.000
217291627 0.006
295247605 0.047
359208944 0.000
393010396 0.054
267019350 0.168
35623688 0.065
370196216 0.154
340322069 0.009
277538484 0.003
41508904 0.086
451595821 0.035
426232834 0.003
447151172 0.000
363872417 0.000
456356531 0.000
211317985 0.001
402805568 0.032
453266906 0.019
411766826 0.351
280557727 0.000
121508933 0.004
211521819 0.036
340715402 0.019
326660679 0.001
218159037 0.114
213837968 0.145
310275465 0.000
94426054 0.002
422696688 0.022
446965568 0.000
154440104 0.016
454799966 0.019
221304993 0.009
402300839 0.001
222289243 0.039
398953119 0.035
104920616 0.000
358111567 0.106
360696432 0.000
157389996 0.005
217677284 0.058
356937710 0.023
247066191 0.001
291356018 0.000
212019511 0.110
446803501 0.160
95508444 0.104
45132855 0.043
192699452 0.281
293582684 0.161
153562675 0.001
398247378 0.098
292788601 0.183
96463460 0.040
29248833 0.091
260443923 0.015
16643100 0.189
46084696 0.000
167367122 0.086
271993079 0.018
297181549 0.000
212096346 0.200
138188749 0.000
262646688 0.076
448220903 0.042
42166501 0.317
426699685 0.144
446338726 0.360
271324723 0.097
16130290 0.002
261405166 0.079
248328680 0.000
32956415 0.057
282414341 0.004
100964879 0.060
318336219 0.059
10000476504 0.022
338545398 0.000
360764851 0.003
299945171 0.000
213586269 0.000
304307809 0.001
395329167 0.000
464870698 0.060
254613769 0.022
278898385 0.067
37177714 0.278
37212625 0.072
270590650 0.003
261962922 0.165
447112479 0.000
406778168 0.000
216338492 0.029
96648629 0.069
35111925 0.002
448444519 0.002
100964402 0.012
254388003 0.020
43721423 0.000
383554492 0.000
99285907 0.006
14460768 0.352
463416983 0.000
260606654 0.000
85477662 0.054
339997193 0.573
364424324 0.086
451490349 0.000
94159541 0.059
394708716 0.000
409583814 0.656
455449914 0.710
29239880 0.031
139806515 0.023
269982678 0.000
162764828 0.008
78114670 0.001
304030590 0.000
38970646 0.313
347667638 0.083
4235952 0.010
227595991 0.010
16140962 0.000
257376367 0.093
425791254 0.054
1872461 0.015
131169037 0.007
323811464 0.000
255546551 0.000
335980611 0.000
413161053 0.000
446780292 0.001
211587617 0.000
424777909 0.007
122128168 0.000
45469474 0.257
329840167 0.140
208239421 0.057
390934863 0.022
416206141 0.000
448713831 0.001
195039473 0.001
4137300 0.044
384239413 0.003
274736620 0.004
215534565 0.027
33207924 0.130
66983228 0.000
207657212 0.020
161203544 0.241
294539254 0.043
278417301 0.000
37676807 0.053
21907759 0.048
164341850 0.016
446948619 0.075
163438461 0.017
148748437 0.007
426075284 0.089
277033349 0.000
269982667 0.000
255004791 0.010
215535316 0.002
255400858 0.106
426071392 0.000
214936366 0.000
461878144 0.025
290723515 0.605
217348263 0.403
149594323 0.024
210459407 0.000
294893145 0.002
359767456 0.128
189035801 0.000
359426331 0.021
259307240 0.060
211779197 0.051
329682074 0.002
410671096 0.339
349153325 0.000
413267351 0.045
342356219 0.663
126461220 0.007
299945169 0.000
309637945 0.014
35623845 0.067
259028623 0.038
448884009 0.028
454054087 0.556
347083445 0.017
399990149 0.019
421873380 0.020
260203266 0.003
342998934 0.000
264366207 0.012
292136745 0.023
295603659 0.009
363872412 0.000
36933829 0.027
303090537 0.045
311798636 0.019
217955124 0.142
96418579 0.116
277232311 0.005
263669715 0.025
342500842 0.001
461215748 0.001
263019924 0.049
132242442 0.006
448593611 0.000
292687809 0.006
263868148 0.023
260717009 0.280
364108735 0.000
297642151 0.614
96058872 0.000
361171576 0.012
284374999 0.001
361459654 0.164
360557397 0.000
262091951 0.027
122128136 0.000
146069254 0.017
461091403 0.041
360364920 0.009
18498258 0.030
339510760 0.000
40506219 0.000
334930807 0.000
211779063 0.090
38973958 0.083
222512539 0.005
454497077 0.000
246241965 0.023
424669087 0.000
446848451 0.001
448328673 0.000
290287606 0.000
282476459 0.004
13588731 0.202
454796546 0.000
315381058 0.004
349764466 0.002
35056730 0.017
343993857 0.000
341137781 0.001
451398259 0.327
140761918 0.003
361532714 0.082
299944005 0.000
263028742 0.402
96629508 0.000
263562824 0.383
218176373 0.085
97440068 0.029
149330592 0.012
413509248 0.001
222502556 0.004
294193242 0.014
36039344 0.000
290012891 0.001
217175619 0.369
217253845 0.010
462928187 0.089
410763860 0.006
46756503 0.070
218150959 0.001
402270482 0.053
161296932 0.011
347525545 0.000
342042929 0.003
263324962 0.000
403073874 0.503
329537985 0.000
328769584 0.036
215990563 0.004
309614968 0.000
261546426 0.061
225451061 0.135
93398003 0.325
402923684 0.115
371682145 0.000
423015723 0.034
426273679 0.000
410947183 0.002
34913227 0.022
387791361 0.013
293873224 0.020
311173438 0.028
215605623 0.018
455883662 0.041
191743382 0.047
336931938 0.000
453380304 0.000
280472422 0.000
448412881 0.034
454413282 0.122
420991554 0.076
254629350 0.020
409755509 0.012
340715233 0.006
295487880 0.061
300286594 0.000
462136640 0.011
338138825 0.000
454054968 0.128
290437844 0.089
342775617 0.041
380399293 0.000
222096035 0.120
96212082 0.048
311245418 0.715
342500756 0.000
95977077 0.329
98635051 0.000
411822924 0.022
349828940 0.349
225833966 0.062
334105519 0.007
343490147 0.000
228722833 0.000
189364896 0.000
152663777 0.004
453795557 0.000
456388343 0.027
424710342 0.032
423680737 0.101
43935463 0.224
131169098 0.082
451561710 0.000
238028476 0.036
15163695 0.017
217385168 0.089
260517501 0.060
161395536 0.012
418614675 0.085
375273423 0.047
336793098 0.729
410754218 0.001
103761025 0.055
205232058 0.455
218159086 0.050
424961450 0.026
426071398 0.002
35551370 0.001
324119197 0.206
41136988 0.063
280058811 0.028
336782781 0.020
35617806 0.122
359357133 0.000
190289874 0.009
357659397 0.000
465077843 0.145
257586611 0.158
207130385 0.001
96417779 0.087
360331261 0.000
211387592 0.000
290602089 0.700
262832220 0.022
228922335 0.040
217989492 0.077
210721225 0.026
93989340 0.000
39089016 0.548
271979956 0.019
262555070 0.000
337317898 0.164
342230308 0.021
164715767 0.005
410514775 0.020
200624532 0.089
96996110 0.016
135020755 0.474
397567393 0.048
332764414 0.034
342196794 0.000
36767696 0.077
33701527 0.012
421465306 0.016
170985612 0.005
44833037 0.001
222079019 0.035
175586976 0.194
374639111 0.000
395224159 0.000
93526305 0.009
140635831 0.000
395795403 0.000
447013282 0.838
310275444 0.000
255991040 0.000
58900411 0.000
423060352 0.025
338221284 0.153
397225287 0.112
225099958 0.007
215412069 0.051
137873191 0.003
34049469 0.025
170341379 0.001
449022412 0.137
96629478 0.000
306195522 0.006
337119189 0.001
451429426 0.015
129691839 0.002
68412791 0.000
94426079 0.001
426832587 0.066
278779186 0.000
167207091 0.013
17269888 0.000
173560637 0.043
255052825 0.000
28326182 0.000
342189589 0.038
461927645 0.050
262730927 0.000
176122590 0.000
45486948 0.032
306003973 0.000
293177652 0.064
340388373 0.165
55617053 0.000
448127489 0.034
451432609 0.220
337151409 0.057
381676718 0.086
451421496 0.000
393365109 0.096
254550014 0.012
42310907 0.029
190005190 0.001
455799433 0.000
36114240 0.059
346618152 0.056
41270902 0.023
402754214 0.000
442652253 0.030
421274334 0.139
323932396 0.019
204873396 0.029
260504446 0.010
449005648 0.857
37847701 0.011
207754692 0.024
41272089 0.003
215156923 0.087
446810254 0.000
397149733 0.087
277634379 0.058
300655577 0.049
210728189 0.101
59233412 0.010
343376286 0.001
396258074 0.024
223370176 0.004
386988927 0.069
383099277 0.000
177336303 0.221
131929108 0.000
348116870 0.000
362031739 0.086
294300877 0.000
23881890 0.008
149436401 0.003
189142196 0.001
383313626 0.071
214420017 0.001
394061964 0.162
426323213 0.027
44827928 0.001
205906605 0.001
389817987 0.000
426496636 0.036
23951101 0.014
217683488 0.057
340099137 0.057
133383013 0.005
343242437 0.002
447013436 0.903
260834947 0.000
395303714 0.000
42052238 0.093
446956934 0.202
189770528 0.000
420359067 0.000
217955262 0.089
350461000 0.007
162105985 0.062
446970170 0.390
448336327 0.000
364488497 0.002
218143005 0.007
357813722 0.000
98323491 0.043
141124794 0.314
446780723 0.024
150395090 0.000
41397966 0.029
14465542 0.025
423421904 0.000
350444342 0.044
292228782 0.000
217677382 0.446
16130549 0.002
221026378 0.004
382945531 0.040
232548748 0.022
35617751 0.066
216342359 0.119
293588114 0.130
189869708 0.525
362119668 0.146
395803746 0.016
273840522 0.063
448906203 0.036
301926178 0.000
464689566 0.046
58484663 0.014
294126571 0.001
412727853 0.000
335976578 0.025
139182054 0.000
23148505 0.035
384710281 0.000
341048137 0.000
295713677 0.263
217356353 0.000
342991548 0.023
360845955 0.042
16287286 0.117
145187226 0.018
222064511 0.000
332770165 0.044
281141507 0.001
310099651 0.000
151300704 0.046
343425809 0.056
217683491 0.032
454981943 0.024
368771006 0.064
254472556 0.010
217795038 0.083
79499395 0.298
211893567 0.099
341452967 0.000
402858307 0.164
291483335 0.281
290897359 0.018
127872879 0.002
454645892 0.000
418797539 0.002
386987145 0.090
430743080 0.024
297083896 0.274
382699358 0.372
254496609 0.002
413267068 0.001
361532651 0.149
81984109 0.010
42678157 0.538
422762994 0.042
173560633 0.039
99204208 0.003
292228448 0.129
34662796 0.016
152206979 0.094
446777567 0.385
404089783 0.015
327909433 0.053
277195692 0.090
369231345 0.000
58476811 0.018
343456657 0.097
381680124 0.047
205105454 0.002
401671858 0.000
388479284 0.001
218694313 0.001
217795046 0.073
94995574 0.172
225440974 0.043
311858476 0.001
293723772 0.009
218239422 0.608
384241362 0.002
449133611 0.027
102135169 0.001
418356454 0.001
137864615 0.003
349568922 0.000
331835557 0.000
95731832 0.000
207856150 0.046
34532587 0.000
454180749 0.031
25134597 0.036
17016264 0.008
455082519 0.199
295603583 0.011
370195854 0.052
317898053 0.001
454658652 0.000
20847982 0.099
396369394 0.051
224802798 0.126
402722141 0.149
218694087 0.001
293793974 0.051
375273558 0.067
402270745 0.318
369958886 0.004
386868053 0.294
256212924 0.000
331667727 0.303
277783664 0.005
402554165 0.020
342123414 0.000
261119613 0.044
392990915 0.064
74837800 0.001
349484636 0.000
389392864 0.228
262730907 0.000
263355064 0.401
35350294 0.064
343038898 0.017
304073781 0.018
261336493 0.079
189921826 0.000
390247572 0.028
35879379 0.028
363083673 0.000
278417463 0.000
178208297 0.048
124669503 0.000
266571464 0.005
97891269 0.065
343609262 0.000
257373482 0.000
452526119 0.000
261405184 0.056
361476372 0.042
291356091 0.000
261513772 0.020
395741838 0.000
291353238 0.088
394266168 0.000
156012073 0.004
35916254 0.008
363869965 0.060
80317564 0.071
422944163 0.017
28027770 0.042
396427175 0.000
1451462 0.007
360474367 0.135
311399145 0.002
455396424 0.118
397577535 0.016
263625293 0.019
461013347 0.022
39092754 0.032
343609307 0.000
406872749 0.001
423020517 0.093
394352030 0.002
455610640 0.352
31510160 0.001
68426846 0.008
263873641 0.000
455602984 0.028
211586557 0.018
360455554 0.002
389885532 0.055
343341990 0.967
213020258 0.000
398588162 0.003
296119945 0.092
362993452 0.108
23846619 0.000
284095959 0.000
280920992 0.015
283955861 0.000
191616613 0.062
448282704 0.001
139811146 0.026
59411534 0.004
452526127 0.001
216083510 0.000
425929026 0.030
410220518 0.648
448177623 0.009
207054986 0.040
343761371 0.143
342998905 0.000
164626933 0.000
101752752 0.089
412031177 0.014
463054726 0.156
454840211 0.037
15032749 0.001
382874569 0.032
399995850 0.333
381290061 0.000
361959080 0.114
337179760 0.081
96224448 0.319
464049156 0.033
291256101 0.044
210876529 0.002
352172997 0.610
30682468 0.048
262450895 0.000
401028991 0.221
36503089 0.005
217174547 0.064
59103779 0.055
150829084 0.177
426658155 0.036
426656464 0.345
281144984 0.000
151438575 0.017
361957336 0.063
1451356 0.014
278572192 0.001
412221269 0.001
343890503 0.094
257146212 0.557
301613134 0.001
388488189 0.045
95975473 0.034
207035578 0.000
43537541 0.063
175717335 0.000
295866398 0.007
381294109 0.000
298241566 0.041
422705346 0.001
161244615 0.010
42868903 0.000
254652363 0.021
305840216 0.000
455540892 0.146
411017705 0.070
327742277 0.000
402280100 0.053
323973655 0.000
363217594 0.007
17272273 0.065
46691615 0.040
262742573 0.138
396152212 0.028
296586757 0.000
455780155 0.394
297758329 0.018
207657550 0.032
38172851 0.594
94995626 0.152
298913426 0.557
454355171 0.029
424205104 0.046
403449976 0.033
46163302 0.010
349375610 0.000
254541944 0.014
316861797 0.705
333032103 0.042
59505974 0.082
455850427 0.001
226473100 0.004
218261329 0.051
426269340 0.000
418334965 0.022
133709180 0.166
210934111 0.239
274741469 0.000
294298416 0.321
323811517 0.000
351214724 0.022
42868432 0.002
448462165 0.051
144582638 0.001
372009622 0.000
85722139 0.001
343712121 0.003
210639736 0.000
255488479 0.070
205457204 0.210
167893513 0.001
207405998 0.016
423835929 0.606
394405750 0.010
98241614 0.000
431090515 0.003
339704378 0.037
455919822 0.027
23152650 0.033
373524434 0.159
448097958 0.079
423429688 0.020
93982614 0.152
211675055 0.026
384747210 0.000
68122049 0.083
150428522 0.030
280058874 0.020
212019697 0.132
303267606 0.628
228118860 0.283
216083477 0.016
396855664 0.096
149772984 0.058
299263520 0.000
220914060 0.055
421878399 0.027
67918695 0.125
328109351 0.008
97335215 0.089
396501244 0.000
409625818 0.003
231124438 0.001
446680337 0.001
258494355 0.111
462106706 0.231
224226641 0.000
260297927 0.000
294884020 0.025
38242608 0.008
221461695 0.066
280716843 0.040
301749051 0.000
210586613 0.078
404932871 0.065
216118140 0.033
341595766 0.000
263026848 0.085
461089910 0.279
211779200 0.090
205520293 0.048
297328796 0.002
456426087 0.000
464851001 0.001
58141598 0.000
297078856 0.108
364277519 0.000
69384559 0.024
361407879 0.068
330858690 0.183
154948978 0.558
263603662 0.037
292510422 0.016
149626496 0.000
462965604 0.000
447022252 0.894
403412663 0.928
360002751 0.000
451398294 0.071
423421911 0.000
3089769 0.050
446884846 0.000
408786758 0.028
28725532 0.054
231080907 0.100
461049516 0.023
395820764 0.000
29039864 0.006
294199899 0.222
324987650 0.035
300169415 0.000
385997928 0.001
270554981 0.000
411912804 0.323
286743359 0.074
360675950 0.000
402587012 0.007
177179708 0.117
211130656 0.010
36767599 0.178
299366481 0.273
343154886 0.002
216846526 0.003
363750672 0.000
452665694 0.000
461218238 0.053
400343101 0.094
401918225 0.000
259835011 0.000
448145600 0.222
262260915 0.000
34284991 0.047
38640650 0.000
364214524 0.032
423986479 0.001
254821202 0.006
64881803 0.159
425810541 0.002
254440628 0.042
329836133 0.016
123283200 0.210
99049510 0.020
375173678 0.028
265777819 0.000
276906500 0.012
217781160 0.053
238026918 0.000
21414352 0.220
36863436 0.027
87861110 0.038
212192071 0.434
254901867 0.008
16670590 0.103
311558448 0.005
343804414 0.023
359772148 0.001
360819124 0.029
260545809 0.043
350569764 0.282
294299878 0.000
72716826 0.000
45132771 0.076
406872718 0.001
69385145 0.025
426880085 0.006
124153166 0.003
128240306 0.013
462964598 0.030
384193525 0.113
211141446 0.000
44783796 0.151
446964021 0.666
69383762 0.009
284196013 0.000
424822047 0.046
4391739 0.000
46198799 0.000
271325905 0.008
131169099 0.072
294542873 0.030
101195933 0.033
212043133 0.542
457987244 0.015
149594011 0.023
133019239 0.082
292687846 0.013
292603012 0.263
372675188 0.007
394040995 0.000
67548413 0.020
224671645 0.028
208592802 0.456
442566498 0.063
281045316 0.067
263677568 0.051
264119121 0.862
369112423 0.007
395595520 0.011
412151524 0.024
394975906 0.115
4541558 0.026
41624862 0.003
218694105 0.001
254740646 0.087
395746609 0.011
77775978 0.006
297995248 0.075
96551482 0.003
79902515 0.000
294534868 0.009
15737663 0.080
382875620 0.000
68321682 0.008
325644966 0.000
295066822 0.000
349648336 0.000
277537896 0.000
189375907 0.000
54729220 0.103
21914622 0.041
455527430 0.004
309413428 0.000
426844416 0.115
337229676 0.130
215400270 0.000
389885719 0.001
74934150 0.023
255480700 0.000
447161157 0.000
85356154 0.000
340714561 0.018
225009667 0.011
447013285 0.843
406860293 0.001
392026696 0.009
311244112 0.885
212990793 0.075
222730529 0.000
403230933 0.751
456422538 0.163
384742422 0.176
171834028 0.009
391285168 0.045
407880457 0.000
384577523 0.939
211793772 0.056
222408603 0.003
386353219 0.073
125810910 0.000
426230682 0.036
343432111 0.020
201713758 0.000
287868028 0.017
294154588 0.001
426572351 0.152
463416919 0.000
39990570 0.000
386714438 0.052
360764849 0.104
212990905 0.085
153561178 0.001
3662031 0.003
376936014 0.000
254732679 0.000
263498227 0.377
225224404 0.010
308992709 0.113
213020232 0.000
74107603 0.001
448775370 0.085
307030602 0.000
295486935 0.350
42920245 0.073
337837399 0.148
24069184 0.039
96812209 0.079
71363551 0.002
461816446 0.000
272118102 0.000
34540090 0.005
156012078 0.002
279321438 0.000
329833517 0.073
263491822 0.019
419766169 0.003
66167723 0.094
263204913 0.076
211387610 0.000
204819931 0.062
96215347 0.000
212132451 0.257
326874483 0.063
35726258 0.001
311243725 0.297
461819583 0.001
293219177 0.000
77621551 0.006
69384083 0.023
384239412 0.001
212453020 0.129
254519188 0.000
205458717 0.000
455806429 0.054
454792867 0.000
422699488 0.025
454621302 0.306
29240486 0.046
449540862 0.000
293271134 0.007
155939014 0.013
4881297 0.053
173261841 0.000
254955539 0.010
24550874 0.016
338983225 0.000
458183037 0.000
338082009 0.001
211899728 0.001
150390799 0.000
129319150 0.033
463426010 0.001
58903734 0.272
272497141 0.000
95466418 0.095
342237901 0.160
461043212 0.062
295053071 0.020
263192469 0.097
164104291 0.015
451467249 0.000
423427084 0.111
420349536 0.000
47531099 0.038
340322018 0.013
245495027 0.008
37680764 0.031
38368321 0.121
299717369 0.000
164235874 0.011
426792762 0.038
210465009 0.155
395847823 0.001
395812364 0.000
350522254 0.000
394500859 0.000
361253705 0.000
446334810 0.013
369958982 0.001
23149945 0.082
294343007 0.014
412970543 0.000
211057838 0.008
302059736 0.001
304327125 0.218
383353494 0.000
391995480 0.284
364108713 0.000
294886573 0.070
24001227 0.042
216030728 0.504
339150272 0.024
374015057 0.376
258098243 0.103
290011381 0.000
28815764 0.003
159355916 0.943
262451063 0.164
223897412 0.000
454660844 0.000
303019246 0.073
161911276 0.626
41387820 0.028
161752400 0.096
94364885 0.136
402512002 0.161
214981577 0.000
410338255 0.018
218138847 0.063
426187223 0.007
299615512 0.015
403195559 0.241
270285546 0.000
361814714 0.000
44065311 0.000
154438890 0.091
263082873 0.329
161485310 0.009
190558816 0.076
298875079 0.097
364283035 0.717
205341189 0.161
67911036 0.033
34672517 0.113
260634922 0.681
461879877 0.004
84518790 0.140
185301644 0.652
278823401 0.000
263960070 0.003
401038110 0.253
255522065 0.019
58345299 0.015
335974115 0.067
36274113 0.011
301151487 1.000
271992951 0.122
304899220 0.000
448251140 0.072
98733445 0.106
210844047 0.162
429460998 0.037
446980807 0.000
403445493 0.002
447135968 0.001
76980061 0.006
424769767 0.253
162453705 0.002
215604460 0.106
311163729 0.046
96419095 0.056
340322035 0.007
263324958 0.000
130805700 0.001
337359470 0.036
279479886 0.046
453095489 0.000
426800973 0.000
189556579 0.004
260926931 0.000
461212765 0.806
350972321 0.012
416509535 0.188
190289772 0.006
43098884 0.022
258407940 0.150
254821360 0.015
264845334 0.002
262650574 0.256
299617451 0.055
225440976 0.029
82000017 0.000
206825045 0.051
361395600 0.262
307088388 0.000
346820953 0.000
343040003 0.837
324987610 0.046
77569323 0.021
208288372 0.027
149725958 0.045
284374921 0.002
448505761 0.155
274255825 0.049
316870256 0.003
260370457 0.001
266820516 0.007
286266114 0.001
70973363 0.010
361407213 0.000
412151059 0.010
29350550 0.005
274255087 0.385
225826744 0.106
269640825 0.006
207035654 0.000
430740616 0.018
17153907 0.006
259221863 0.014
362548939 0.020
69177735 0.006
3540868 0.002
187730459 0.000
323512539 0.000
34677836 0.019
401332801 0.001
39749261 0.107
210965707 0.005
317245592 0.001
96212077 0.035
369717267 0.000
296578915 0.020
359987980 0.001
423095633 0.000
394457138 0.008
96062487 0.048
446801944 0.000
272118111 0.001
211128094 0.000
396145396 0.859
298382002 0.091
448159573 0.028
260239265 0.000
407012522 0.001
447112445 0.000
258408977 0.001
284195189 0.031
207944657 0.035
281145029 0.000
129319509 0.050
207035597 0.000
389880826 0.052
448167012 0.000
348842874 0.000
361160737 0.000
68053138 0.103
82446991 0.007
96748013 0.023
146145551 0.000
455432673 0.000
451398319 0.045
388862431 0.064
248328665 0.000
218552943 0.000
324866911 0.121
148748472 0.024
422488093 0.604
190466709 0.002
131538741 0.006
215881453 0.000
362921140 0.000
267315371 0.027
211535312 0.001
301684650 0.015
349646524 0.001
218694223 0.001
205905597 0.500
342998962 0.000
363456847 0.133
295058498 0.051
340168736 0.000
447112476 0.000
38927961 0.000
426267129 0.000
37463957 0.021
357715877 0.000
138201669 0.001
383107618 0.657
260443234 0.117
326744013 0.149
397882046 0.017
34672518 0.087
342079876 0.358
458324029 0.061
274102061 0.000
205757510 0.017
410447093 0.048
411910393 0.658
215002518 0.015
395329172 0.000
175590071 0.594
396365689 0.001
95910659 0.031
68163214 0.000
388852237 0.035
456284978 0.030
406869205 0.032
455572042 0.000
356749317 0.000
2997331 0.064
261404518 0.073
218261393 0.085
455939780 0.019
129691572 0.000
87761785 0.050
423220404 0.006
254573001 0.599
259520769 0.088
360675903 0.000
279311151 0.252
380710014 0.000
147390656 0.012
387426076 0.896
81569285 0.000
96240713 0.041
206922043 0.164
190301715 0.017
342092419 0.001
74046118 0.063
294952262 0.038
21305407 0.109
254779222 0.000
293868314 0.046
363928807 0.000
327912463 0.016
95209906 0.086
423922565 0.007
384710285 0.000
204898899 0.000
342591418 0.041
271741414 0.015
406869220 0.033
217867500 0.052
94483704 0.007
360364785 0.012
260014069 0.051
393972473 0.000
403124819 0.430
446945674 0.067
363379495 0.000
424957609 0.222
96149209 0.000
254559208 0.000
254525964 0.020
96331616 0.094
392326453 0.174
342690926 0.000
206874958 0.023
211896454 0.056
271222130 0.031
38596502 0.414
69290471 0.000
67824692 0.078
456428530 0.000
342038286 0.000
86565233 0.270
42541020 0.002
35212251 1.000
133019245 0.053
455741428 0.000
78753125 0.206
342819182 0.046
34532905 0.107
460972625 0.001
382706348 0.000
221984902 0.016
446820958 0.051
161396591 0.002
261451200 0.003
257479019 0.000
189869511 0.576
16130421 0.002
215890881 0.000
447328492 0.075
304899229 0.000
362384933 0.209
211458156 0.000
149023744 0.003
175698490 0.085
398596707 0.000
448048917 0.028
389890469 0.219
254551225 0.000
447632303 0.023
40490042 0.423
327738105 0.002
161593570 0.011
426323250 0.012
37455778 0.045
455450716 0.023
293146606 0.073
426128243 0.000
343154294 0.009
205341982 0.000
225144337 0.000
417366866 0.086
262370764 0.000
58347230 0.021
72251974 0.026
96217543 0.012
442786564 0.110
191218498 0.054
158143323 0.002
93926165 0.043
14790109 0.014
288168182 0.016
395746589 0.027
418350156 0.077
255101649 0.012
94927699 0.038
3173832 0.068
206817093 0.000
370038606 0.001
313906676 0.053
150836317 0.000
361276107 0.000
293958829 0.012
310425284 0.121
39244098 0.076
455744666 0.029
259918429 0.922
291622940 0.075
263868103 0.043
410947279 0.001
189254579 0.022
282692176 0.000
448713994 0.086
397135456 0.000
42405333 0.076
278417290 0.000
96235648 0.314
211678625 0.057
43677780 0.046
292143206 0.024
34174747 0.005
260442611 0.065
294248013 0.204
455798183 0.118
246265507 0.049
190704879 0.003
215040580 0.006
292741054 0.319
254749139 0.090
215890985 0.000
368768754 0.000
396465248 0.000
453499843 0.038
296262090 0.000
465289577 0.000
45500696 0.349
259224023 0.495
38224867 0.037
207035749 0.000
261963602 0.414
360675977 0.000
357659401 0.000
318183343 0.000
349858116 0.013
263403566 0.024
262652377 0.000
293330446 0.077
357779951 0.012
356374928 0.000
55399950 0.067
23894957 0.018
204902557 0.092
327830226 0.045
368761924 0.000
453220131 0.000
261589575 0.036
395400312 0.000
310739435 0.831
271982914 0.132
149936566 0.009
341699354 0.016
191743373 0.049
161120382 0.012
264275133 0.206
461816189 0.035
342239009 0.027
310353484 0.091
170426161 0.200
454683246 0.048
39753134 0.139
93989363 0.051
442586515 0.123
362383606 0.037
277538454 0.002
343792047 0.119
394095829 0.000
446797878 0.014
215164550 0.000
218866925 0.176
98225113 0.000
448655131 0.000
453379778 0.161
361032848 0.083
329834813 0.000
402472033 0.071
254503742 0.032
261119585 0.037
402685369 0.042
260633400 0.064
17154025 0.006
325646039 0.000
401332746 0.161
42920258 0.056
211026629 0.062
426876387 0.039
291523213 0.000
403193892 0.000
284374995 0.008
271974985 0.014
130804909 0.315
174214427 0.050
58482720 0.002
292593722 0.029
386729696 0.000
306472426 0.000
455674622 0.068
343040114 0.083
293592208 0.014
94936630 0.000
296282657 0.019
448177626 0.012
401486303 0.128
392320960 0.020
422762990 0.067
210515897 0.000
271603941 0.006
213353854 0.000
455666949 0.017
362384459 0.008
155824631 0.028
206826357 0.133
211023911 0.017
364108748 0.000
222614643 0.007
67048047 0.001
430692660 0.001
65314077 0.001
261521575 0.016
217341601 0.048
458179154 0.000
332138507 0.524
394826289 0.000
263959978 0.003
218153731 0.055
58588231 0.017
361869450 0.000
262259689 0.433
264366202 0.016
376986261 0.000
342721315 0.322
228927630 0.405
422760336 0.025
213449785 0.000
69170035 0.039
362230496 0.074
279319267 0.000
10944641 0.809
68055091 0.033
263147914 0.017
395424974 0.027
83469021 0.099
407151701 0.000
23845919 0.007
383099159 0.000
412723005 0.000
164639072 0.019
384747271 0.913
424821980 0.052
205520853 0.000
413530213 0.019
421258890 0.001
95203639 0.071
262742432 0.000
462963238 0.049
311558445 0.322
453594329 0.000
382914142 0.194
333190238 0.011
315521548 0.589
288064303 0.000
149722412 0.079
159355779 0.003
316354145 0.012
364324671 0.009
211535270 0.002
303003688 0.062
419763439 0.004
397152369 0.000
236948060 0.028
311166998 0.082
319560226 0.000
455741409 0.000
225264499 0.000
274113879 0.000
144264390 0.002
316348071 0.112
164905324 0.028
262742425 0.000
410108690 0.101
93395975 0.046
394800530 0.000
221016726 0.030
418722358 0.213
227690208 0.035
380836078 0.032
447698774 0.000
449491929 0.001
263303672 0.117
95975472 0.051
58592233 0.112
38640528 0.000
97242043 0.027
363447678 0.000
125764043 0.000
189607481 0.001
225080522 0.394
125333327 0.079
403200618 0.168
301896284 0.062
42738418 0.700
455837495 0.026
291486826 0.029
281925793 0.000
384507816 0.001
175936953 0.189
235631883 0.108
394503215 0.033
260190519 0.000
211313718 0.018
418809637 0.000
78912122 0.126
328479434 0.000
214306907 0.000
341869128 0.203
189377614 0.000
394579216 0.000
392455592 0.072
39247823 0.096
334770753 0.087
339612504 0.116
247000166 0.000
281161895 0.059
67374147 0.109
40767967 0.075
41242512 0.096
123301285 0.006
217174645 0.135
294870020 0.064
8421301 0.005
151505328 0.048
348260000 0.000
442817121 0.726
68420068 0.040
210938702 0.011
163595169 0.017
140635826 0.000
174220827 0.072
329549218 0.000
357659391 0.000
456386560 0.005
348116873 0.001
150736147 0.055
46017952 0.060
394396431 0.843
340629545 0.017
393722906 0.251
261409832 0.017
263090212 0.000
407880449 0.000
163430450 0.003
147821793 0.006
222734532 0.000
382894752 0.218
260337862 0.025
17273455 0.110
336430397 0.054
384603413 0.000
351085645 0.063
188798421 0.006
29570821 0.001
174860339 0.005
204820342 0.137
298112357 0.005
224690184 0.031
257383748 0.159
212043107 0.222
387776743 0.139
164094959 0.032
58476631 0.007
35991766 0.009
455807157 0.022
164508536 0.120
342230894 0.125
423774023 0.834
217025869 0.000
426658129 0.234
218694259 0.001
94927547 0.000
448465675 0.000
446702933 0.004
285477479 0.000
448593523 0.000
295166978 0.000
318251028 0.515
39372707 0.079
43118000 0.001
410947373 0.003
258812822 0.043
363526098 0.000
271989355 0.002
28532681 0.068
387781937 0.049
411967247 0.063
58395530 0.010
254510419 0.000
361172435 0.000
318336208 0.136
460920277 0.003
211599292 0.106
372779713 0.234
215989721 0.015
454258108 0.000
412923200 0.163
211951700 0.018
306935041 0.000
394830502 0.003
140402154 0.000
405079508 0.000
3164023 0.023
409620718 0.086
363595424 0.000
314414805 0.048
177018598 0.000
162650100 0.000
84081066 0.022
29252219 0.001
161871245 0.065
254812237 0.105
280911970 0.000
87009882 0.057
255046032 0.105
130804112 0.209
211996661 0.474
262450874 0.000
363455401 0.011
392555948 0.000
107043086 0.340
424659837 0.003
164102593 0.083
357880853 0.000
327750528 0.135
306801153 0.000
95624197 0.031
426544612 0.171
258412888 0.052
260200526 0.023
254314984 0.000
189822128 0.257
230575765 0.001
97686430 0.075
255986989 0.100
274736928 0.004
295254234 0.000
342588261 0.002
315367693 0.134
85478915 0.002
28725529 0.053
29025578 0.121
201188593 0.368
341168949 0.130
336231282 0.574
210973496 0.156
137231983 0.000
361276054 0.000
174065737 0.007
145805188 0.109
262555513 0.048
328766080 0.061
462965632 0.000
343146839 0.103
172278298 0.011
83357864 0.065
260135783 0.000
130430368 0.012
124372992 0.014
379801830 0.000
326069590 0.003
215039199 0.017
341368949 0.033
163227111 0.155
361407200 0.000
371098389 0.089
56868757 0.210
30009194 0.000
96459216 0.053
448625601 0.003
300588609 0.000
59184474 0.029
262647657 0.000
40593710 0.000
259520755 0.022
35981830 0.071
337230612 0.000
17504229 0.081
362924451 0.103
172615807 0.046
316008344 0.784
361168282 0.006
262651969 0.003
46014521 0.004
423139474 0.240
270585686 0.020
448737578 0.121
446965514 0.000
205455144 0.033
456219378 0.001
137868805 0.002
453994919 0.055
155098634 0.000
394364617 0.000
179051107 0.000
95556437 0.050
277232396 0.006
264140944 0.139
442674809 0.094
191429115 0.008
85130718 0.023
448495264 0.000
84966755 0.020
95556492 0.019
448316138 0.000
340281333 0.022
255539978 0.172
296702560 0.103
27971025 0.000
351314975 0.009
263092370 0.001
306930101 0.000
78476883 0.069
216343592 0.123
262157167 0.031
77542080 0.045
362321734 0.172
456385915 0.082
214050304 0.036
280542999 0.000
212759990 0.032
387777389 0.408
215767152 0.001
283516265 0.035
214936364 0.000
447035834 0.019
403053886 0.013
295127212 0.001
379869073 0.173
300087039 0.000
211846132 0.007
30469708 0.000
69773490 0.000
214186678 0.017
259596508 0.022
294918029 0.003
426535090 0.075
394768766 0.168
217743309 0.431
212019680 0.067
361681096 0.000
94937067 0.116
177021249 0.005
303356321 0.000
363085137 0.306
361800398 0.001
255375860 0.005
58485133 0.007
342373924 0.308
456426188 0.000
77618734 0.222
280596183 0.001
162852682 0.003
175939126 0.115
426273647 0.000
215320543 0.083
446807906 0.035
394499123 0.000
163595147 0.021
95209933 0.075
167895271 0.000
150836340 0.000
293268667 0.004
161593276 0.074
29032984 0.005
167552915 0.082
360701740 0.000
357362538 0.000
173261809 0.001
324185611 0.000
77469311 0.000
340325263 0.000
38296714 0.002
402856763 0.000
285893775 0.000
210844059 0.238
41508340 0.024
448582513 0.000
106848487 0.000
360171203 0.456
282090167 0.000
23893116 0.121
412923163 0.113
360149156 0.000
341350335 0.070
205462134 0.179
200627979 0.055
411262404 0.000
190007842 0.009
262708777 0.000
245524058 0.000
164102650 0.050
44175847 0.106
211930109 0.033
350847858 0.000
295310305 0.032
454775383 0.038
454693928 0.026
361576236 0.001
382945808 0.040
370112377 0.000
430692579 0.000
280550992 0.000
423139553 0.190
291747304 0.041
402371629 0.008
231257102 0.003
255062242 0.048
70039050 0.001
93866346 0.039
314889296 0.000
294534901 0.008
424542801 0.007
258013244 0.563
284785236 0.000
448778131 0.019
386988938 0.100
260504440 0.025
148748876 0.004
336781685 0.071
414467832 0.026
373524227 0.143
341863090 0.014
261807417 0.103
45257218 0.000
228926096 0.252
88310608 0.018
98640657 0.068
94927513 0.000
278031843 0.059
164419307 0.014
205230741 0.000
161588500 0.010
17153957 0.005
411480288 0.000
285196812 0.096
78200862 0.032
257279125 0.017
401618921 0.000
454744144 0.001
99286521 0.015
423421942 0.000
455427251 0.032
384388709 0.077
189921731 0.000
335370683 0.000
342385214 0.415
35276866 0.031
82433124 0.003
370238658 0.029
429509325 0.001
33812091 0.000
271321545 0.393
316550118 0.185
341136826 0.000
343582230 0.000
98178995 0.073
358806647 0.000
426194783 0.020
38640748 0.001
342500874 0.001
212043768 0.078
96186923 0.005
278168019 0.001
412904391 0.005
318246264 0.001
384747216 0.000
95280936 0.065
207405868 0.017
255408341 0.050
412857664 0.000
147219967 0.016
453497480 0.000
382874521 0.054
425654723 0.271
401631171 0.186
98224802 0.122
260834860 0.000
468151411 0.048
454506599 0.000
159684124 0.001
442692404 0.215
305839054 0.141
152910141 0.012
263399582 0.059
210734228 0.004
93395582 0.071
263611157 0.051
256095196 0.496
294808782 0.108
215881466 0.001
212078657 0.079
274113915 0.000
255141688 0.049
455572094 0.000
164417757 0.008
421529480 0.000
211849419 0.015
207443469 0.102
401559951 0.000
394503750 0.000
95988061 0.030
442769938 0.050
384234574 0.002
217634044 0.011
424364274 0.002
327741113 0.017
391603788 0.471
337308708 0.495
334475756 0.141
456228371 0.391
224438318 0.010
442831569 0.075
68327221 0.195
296278263 0.028
18503289 0.100
93617713 0.125
427881156 0.051
308919053 0.000
456431732 0.028
162106096 0.101
210790781 0.093
167089385 0.000
38296780 0.002
342727126 0.000
399649267 0.075
345231315 0.039
143939011 0.001
380953711 0.123
40550470 0.740
190529494 0.000
442857415 0.060
162249755 0.106
30009372 0.000
3182726 0.091
190831942 0.095
16905930 0.032
333190968 0.049
336430347 0.171
151740057 0.035
254394049 0.005
346790752 0.001
214253051 0.084
294012969 0.079
348116786 0.001
34049103 0.064
212132041 0.034
164715881 0.046
448177679 0.013
412723068 0.000
456426152 0.000
29833732 0.171
423352792 0.020
429458919 0.010
210843993 0.271
161297338 0.050
99126752 0.010
327018887 0.102
448704862 0.000
461000454 0.018
456118620 0.030
228435108 0.008
142334458 0.000
413810159 0.001
161594469 0.019
10939633 0.050
424949552 0.000
395746586 0.011
299617382 0.020
293866113 0.077
343842970 0.105
464844310 0.081
339725104 0.024
291367886 0.041
177906401 0.006
272551599 0.114
72715161 0.000
298171870 0.022
363208013 0.124
231252310 0.001
259430216 0.031
45129950 0.054
220972956 0.204
368768708 0.000
86564968 0.004
405079520 0.000
291656081 0.122
427406377 0.000
281145079 0.000
447151869 0.062
1466866 0.005
153422711 0.000
261584027 0.044
195831763 0.000
103394226 0.001
426664343 0.014
211674808 0.023
448593526 0.000
382873460 0.050
296268597 0.572
104920434 0.000
290556268 0.096
208240457 0.050
248276898 0.264
190187588 0.024
205105463 0.002
214017489 0.001
386953240 0.000
323933466 0.166
263891766 0.001
260078028 0.010
341344009 0.006
395810919 0.047
212196543 0.085
55399944 0.081
207039588 0.058
157074715 0.007
395998503 0.000
171610494 0.015
215277388 0.000
455804550 0.058
276566548 0.945
454792047 0.038
212415952 0.000
326757824 0.013
360085554 0.000
424658592 0.172
44827929 0.001
95277598 0.000
333995521 0.036
265140395 0.001
78632104 0.001
425788755 0.014
68412599 0.000
447031583 0.210
391931512 0.019
396145510 0.452
94731960 0.002
422763053 0.020
99292766 0.048
399306610 0.018
336344330 0.000
189650820 0.027
93219570 0.041
318336572 0.084
326661211 0.000
278823399 0.000
125810905 0.000
292731000 0.044
392556013 0.000
161253089 0.003
316353148 0.005
451573194 0.000
98303000 0.000
464851040 0.002
211779018 0.112
292344666 0.099
301150467 0.000
69768639 0.063
446904163 0.020
454139688 0.001
189035845 0.000
247976339 0.001
301396051 0.029
341722049 0.015
422823766 0.000
167250523 0.000
68499720 0.157
266754210 0.003
307317953 0.003
451436102 0.325
255053992 0.011
68782512 0.002
67910211 0.061
311172490 0.793
261698053 0.019
254557900 0.006
2932002 0.237
216210166 0.035
292507169 0.022
454960515 0.082
207405918 0.014
343789417 0.000
217786342 0.018
394938846 0.000
426535074 0.267
412731922 0.001
341698650 0.029
307780465 0.000
43547672 0.737
153781577 0.041
342384046 0.196
403596699 0.656
464854824 0.098
447752633 0.000
258413988 0.158
310270043 0.033
167555046 0.007
35112080 0.042
279213328 0.000
217291620 0.009
218693519 0.065
161537478 0.006
447221053 0.005
261115313 0.036
211527694 0.000
392166489 0.040
307575996 0.000
68322455 0.001
67555480 0.000
455013826 0.053
454707774 0.002
130075290 0.163
465560731 0.035
93992405 0.002
352171420 0.688
429519687 0.000
99324338 0.832
135006317 0.046
210690528 0.000
149594579 0.003
423647020 0.059
447012802 0.001
220435188 0.000
310801751 0.061
403412667 0.989
315857191 0.093
93876825 0.073
93926190 0.132
362230510 0.050
260135842 0.000
325560135 0.123
94927473 0.000
456492326 0.009
76978941 0.002
152048407 0.023
271741366 0.015
406778123 0.000
258336521 0.189
342991612 0.302
164909204 0.023
336114376 0.109
263776546 0.017
167125861 0.000
361598557 0.000
84518766 0.890
259440894 0.025
259602258 0.079
343784716 0.019
260545789 0.069
447032650 0.327
56013236 0.059
262380954 0.026
430016492 0.237
385650191 0.073
260143358 0.000
16180396 0.061
263497229 0.441
456492319 0.007
424341925 0.046
454705868 0.045
260334372 0.042
262773942 0.053
343761376 0.049
324776879 0.000
221556702 0.006
451421543 0.000
341344061 0.005
145204903 0.020
412221257 0.000
70964694 0.147
40593805 0.000
260931547 0.029
145805424 0.020
380397303 0.000
211135444 0.034
161253090 0.267
403078425 0.000
413539794 0.054
187735524 0.062
294423609 0.132
256094722 0.919
412150197 0.218
386950563 0.000
464854778 0.108
96996118 0.002
43127741 0.001
146076353 0.025
454543526 0.002
447029017 0.000
189770526 0.000
254724448 0.000
382832759 0.121
67555438 0.000
401712299 0.000
154948855 0.198
211577808 0.002
225833970 0.023
258807924 0.117
413534984 0.017
224448118 0.027
425791248 0.048
344247397 0.455
303182354 0.027
42156771 0.132
254629694 0.010
215412772 0.006
448753864 0.000
383298797 0.000
423421865 0.000
260951344 0.000
293660730 0.069
381294147 0.000
221554922 0.000
448476991 0.030
67550667 0.059
426964510 0.201
448615015 0.042
254779452 0.010
155756898 0.079
36767638 0.077
68322636 0.024
259608598 0.497
422944464 0.020
211779141 0.085
298387259 0.013
275396363 0.000
210690525 0.000
153087478 0.000
329834817 0.000
393969870 0.000
360255466 0.000
448249968 0.022
17273437 0.092
340820969 0.128
212032704 0.035
446913240 0.000
103275845 0.165
259596151 0.019
257697684 0.090
328760333 0.047
210691715 0.000
425791270 0.075
343405467 0.009
43712977 0.006
95345248 0.047
402864945 0.012
218666491 0.128
311294253 0.000
228118725 0.049
96063944 0.005
216118127 0.033
369231443 0.000
211313884 0.012
341216392 0.041
296115503 0.498
396683485 0.200
210467805 0.055
290114550 0.050
69886174 0.016
96410329 0.059
55501426 0.000
454308356 0.099
455353875 0.049
28328269 0.002
426230690 0.004
162838604 0.015
451493289 0.012
413267023 0.001
98224819 0.061
395609118 0.000
361295055 0.000
36171082 0.005
151695516 0.016
359578965 0.000
263665646 0.000
349247082 0.000
287963726 0.000
43439289 0.034
448552491 0.127
425697947 0.011
403034976 0.031
448426158 0.000
454300478 0.038
282327965 0.049
208107270 0.024
16017430 0.157
341054316 0.000
453766186 0.031
78210498 0.000
314864773 0.324
68412711 0.000
394977549 0.020
429509955 0.011
403275058 0.000
137873197 0.002
362031775 0.124
156024929 0.054
468216680 0.052
456024437 0.002
448888640 0.032
261796877 0.000
302958280 0.000
400357620 0.211
122586321 0.024
442643425 0.025
39990512 0.000
72716827 0.000
361954808 0.000
361171644 0.000
418657279 0.000
162215504 0.011
351214554 0.079
448833508 0.038
55746843 0.000
424128361 0.045
293045806 0.061
226837765 0.019
277557488 0.000
395063718 0.038
261014972 0.019
125810909 0.000
215413279 0.005
67911528 0.000
349972148 0.001
263708926 0.063
257478922 0.000
379868921 0.302
258336541 0.000
361804991 0.014
190289788 0.010
374642141 0.067
294809733 0.003
213317208 0.000
271989429 0.002
337719962 0.028
307034979 0.001
277346892 0.031
283382044 0.003
456123286 0.000
301689896 0.000
193674934 0.061
447698771 0.000
93167167 0.019
290437797 0.069
132621409 0.044
297089581 0.235
311890380 0.000
468182237 0.003
121523982 0.064
466480786 0.001
263305154 0.538
212016723 0.167
206977392 0.022
262071614 0.175
100964550 0.354
214728151 0.073
458088433 0.005
420350622 0.000
294917948 0.012
140974961 0.000
361634367 0.091
325603908 0.175
212246946 0.045
451573192 0.000
261135785 0.081
332134869 0.054
311563582 0.804
423925470 0.027
361081509 0.121
212221315 0.012
211604324 0.062
315678211 0.026
448366652 0.070
263274668 0.988
176457562 0.074
421525998 0.000
44053643 0.000
351214491 0.071
333351006 0.203
281042461 0.050
254635975 0.445
340526111 0.133
424059296 0.095
255150251 0.029
228923350 0.015
395326696 0.001
413810296 0.002
30009345 0.000
254503119 0.000
150800360 0.003
448668729 0.000
426906964 0.155
337597327 0.128
461000318 0.018
380527701 0.000
379724654 0.011
293793871 0.017
402554381 0.000
260134836 0.032
385997719 0.036
94995611 0.162
213824158 0.002
367895619 0.102
456024588 0.002
449054820 0.000
423056318 0.011
96236665 0.191
442779822 0.056
71364321 0.041
426011213 0.001
294561223 0.049
37808013 0.142
292678465 0.426
217955270 0.115
426839423 0.136
452669748 0.000
212097831 0.000
68645683 0.000
151139045 0.002
401508871 0.021
218806490 0.041
38825984 0.021
31531884 0.000
211680833 0.059
56873472 0.091
254715988 0.304
217757112 0.023
254996419 0.111
291989927 0.023
361864211 0.000
360332861 0.132
412661299 0.001
360364937 0.011
294343008 0.009
6182855 0.018
386006803 0.259
336110671 0.170
211675042 0.065
188798426 0.016
404804908 0.101
34412607 0.003
39372669 0.081
455368006 0.008
403278292 0.051
222064431 0.061
190005210 0.001
212806845 0.121
210471204 0.026
176956634 0.150
442629812 0.004
74050939 0.042
382458923 0.868
421338474 0.000
330713375 0.043
127517210 0.016
304488793 0.000
464844334 0.176
360764844 0.119
24130580 0.011
157066986 0.015
165029046 0.013
38373737 0.042
276671628 0.000
32851339 0.068
69876517 0.000
386950577 0.000
260474885 0.000
210582665 0.075
190634509 0.041
306899512 0.000
263483707 0.134
290287604 0.000
149937188 0.000
217671473 0.106
263200912 0.025
386715192 0.030
164237542 0.019
462933402 0.044
307575988 0.000
385997980 0.000
342189661 0.035
293056285 0.468
220412068 0.000
162046219 0.662
37188772 0.013
386720155 0.000
255278739 0.011
221759462 0.058
191526427 0.009
402799281 0.002
360846394 0.092
218693566 0.124
454453622 0.020
383404475 0.130
455365041 0.026
379868894 0.458
389433632 0.040
260926902 0.000
361162870 0.017
235207129 0.018
37454590 0.000
254885002 0.000
189556495 0.001
66867094 0.000
280472310 0.001
361029858 0.000
423836609 0.000
295856564 0.019
87433067 0.000
147395432 0.013
254401310 0.020
278417449 0.000
212010449 0.071
69290464 0.000
280362701 0.000
392034185 0.076
401562317 0.000
394503178 0.038
161120501 0.078
384244220 0.001
254496884 0.002
214717010 0.000
454258102 0.000
64881670 0.039
403405497 0.000
422392049 0.050
39990529 0.000
448853064 0.070
126469530 0.006
423980500 0.000
293666131 0.000
402677865 0.000
40651021 0.088
311655381 0.000
295347277 0.032
395185703 0.003
77464941 0.080
455218892 0.071
424887674 0.000
36858505 0.009
322307026 0.000
190102873 0.101
381234744 0.000
218142807 0.106
218159098 0.115
334431057 0.039
95202444 0.121
2748216 0.011
337042881 0.089
462921808 0.000
208336531 0.195
86750856 0.050
216200951 0.015
68052779 0.003
218159174 0.094
44956032 0.078
97102634 0.015
172277954 0.001
212220700 0.002
339021904 0.053
426898691 0.016
58476780 0.000
329834842 0.001
152442528 0.357
261193248 0.140
36274081 0.044
442642632 0.002
210647016 0.015
35672111 0.005
394500896 0.000
95101809 0.003
46758174 0.088
455744561 0.041
218866816 0.144
454180796 0.033
212701775 0.000
337726745 0.456
343309257 0.011
46756631 0.100
211500916 0.068
363872400 0.000
95469248 0.000
350283155 0.001
38103236 0.146
156544544 0.000
382873505 0.051
399645342 0.073
260826366 0.000
64872729 0.825
148756381 0.010
30194903 0.215
212243807 0.018
394796579 0.292
41413354 0.000
223999659 0.000
95348116 0.044
389226381 0.993
289296659 0.015
329549229 0.000
95198351 0.026
338545380 0.000
288768974 0.212
217795108 0.065
58136530 0.000
185311022 0.250
430730453 0.033
177032797 0.000
258807866 0.110
292687835 0.006
16360085 0.000
16260037 0.036
188227435 0.080
271696329 0.070
420660004 0.005
427010261 0.081
126469560 0.009
207057517 0.021
94160479 0.127
343578027 0.919
311861323 0.230
430731394 0.150
381676659 0.622
453498028 0.001
451421509 0.000
394097078 0.000
409583801 0.463
401952517 0.185
207114127 0.008
384425537 0.525
25888937 0.005
456279315 0.048
289766808 0.131
294872402 0.001
67369123 0.000
69633706 0.000
375173665 0.014
143939010 0.001
280816932 0.067
276326344 0.018
162941381 0.019
192923722 0.084
67074869 0.001
310955349 0.069
301160975 0.016
207035658 0.000
323062824 0.034
294327336 0.001
362995136 0.518
453872549 0.009
272551597 0.125
426832331 0.000
96154526 0.070
421179648 0.106
255256505 0.018
46703101 0.029
309638120 0.204
172057065 0.024
311173415 0.029
42261974 0.014
96812121 0.095
397567796 0.184
68261256 0.000
274741501 0.000
275352791 0.038
152384760 0.000
278268823 0.074
343809814 0.004
175590075 0.408
33445814 0.006
300474979 0.000
360819138 0.037
35924427 0.000
221456950 0.073
96629487 0.004
155510155 0.689
69773469 0.000
364623832 0.000
256894142 0.042
342142391 0.023
210648565 0.024
211905193 0.191
426269369 0.000
397340373 0.000
278268822 0.084
430464092 0.005
421264228 0.011
280472428 0.007
254629355 0.013
323020060 0.000
146928238 0.001
69717827 0.015
217991633 0.191
421886787 0.013
456091115 0.036
29041474 0.072
213120975 0.001
343521312 0.013
211521890 0.039
307854520 0.000
274255964 0.020
300723186 0.964
261193249 0.104
424991696 0.295
363872451 0.001
17153995 0.005
225308333 0.019
124793697 0.943
451506490 0.170
39287328 0.002
331030681 0.162
190005204 0.001
36496247 0.055
401918242 0.000
461215666 0.002
216054847 0.000
448077716 0.804
167089377 0.000
412857548 0.000
426703003 0.017
254820591 0.002
40658958 0.126
291655120 0.023
350860882 0.000
176958082 0.001
38928111 0.000
64886327 0.554
300581858 0.053
11394603 0.103
403052627 0.020
394354529 0.001
255004910 0.126
371235915 0.072
311294259 0.001
162970808 0.052
17504246 0.087
254527293 0.000
455259249 0.016
341721121 0.115
454840882 0.974
70126714 0.037
415302611 0.031
218337089 0.125
263083469 0.793
454709964 0.090
415317171 0.000
424625904 0.206
361725056 0.003
144020707 0.037
359283089 0.001
255125804 0.000
292893984 0.021
212186857 0.017
163594718 0.010
146928058 0.005
455741463 0.000
262730818 0.371
281162389 0.057
148141221 0.021
255111089 0.165
44774183 0.000
273843601 0.015
142343755 0.000
273978223 0.000
260829111 0.000
380399194 0.001
351430856 0.000
95731445 1.000
93702542 0.037
224433479 0.027
424991625 0.010
455602315 0.704
37190546 0.114
307439602 0.001
279321454 0.000
339984670 0.001
299900491 0.000
231351306 0.015
247066298 0.003
155106047 0.001
392556537 0.000
212144935 0.040
341721186 0.015
261089143 0.000
334292047 0.056
350742676 0.000
425637876 0.124
207657660 0.022
423056735 0.059
454960522 0.088
401717482 0.090
150359866 0.000
39628036 0.025
38305409 0.068
293218026 0.000
207856267 0.021
348389604 0.008
448146997 0.035
73994394 0.016
205750917 0.077
362112911 0.071
424067051 0.025
88320705 0.008
216662404 0.005
43098777 0.038
95704857 0.002
424780934 0.001
463056081 0.359
431383719 0.024
46705043 0.030
262478185 0.399
275556983 0.000
455716640 0.016
461037072 0.141
35879574 0.014
257474910 0.581
361165115 0.000
301400371 0.023
143929533 0.001
446981260 0.050
424334933 0.103
93702537 0.030
76980070 0.016
261699778 0.019
342500741 0.004
424717550 0.000
383745060 0.000
217955152 0.106
119796796 0.019
451433995 0.315
394569934 0.002
69647365 0.158
188957680 0.000
374732830 0.036
423143868 0.026
152209390 0.014
208634285 0.002
264112332 0.035
95003420 0.131
279310736 0.412
361634376 0.097
294007389 0.020
146927659 0.046
342086996 0.550
465289676 0.000
323512286 0.252
218153627 0.073
454620976 0.029
447655452 0.000
424770926 0.024
424957122 0.029
14691749 0.012
431383537 0.002
39877714 0.067
130814562 0.000
297181512 0.000
78642184 0.001
263396465 0.055
447017199 0.170
225224986 0.032
294196752 0.037
258930216 0.029
97340046 0.016
32850742 0.081
422405238 0.036
457983362 0.094
255286969 0.000
307030565 0.000
190145661 0.023
213891297 0.064
213020234 0.000
395224186 0.000
212111615 0.223
105948090 0.015
258609796 0.367
263951222 0.066
149436788 0.031
28822937 0.014
447017224 0.024
453880312 0.238
277395789 0.015
308157193 0.000
189785899 0.000
351105195 0.006
446886201 0.470
79494836 0.038
141621375 0.000
394410277 0.489
188226218 0.034
257147751 0.000
248276916 0.131
129691841 0.001
425790483 0.060
105564478 0.090
258807882 0.122
328770876 0.481
150830606 0.033
149323494 0.006
213121130 0.001
280598709 0.894
215277485 0.000
41017111 0.051
22546529 0.034
411523465 0.001
254947397 0.099
16905885 0.030
323020090 0.000
3154588 0.025
281162390 0.044
382874418 0.043
42868318 0.003
388862204 0.064
44485962 0.055
413797205 0.006
43031672 0.011
323811471 0.000
37584508 0.001
263620432 0.110
212019499 0.131
9238202 0.016
143296930 0.010
285893875 0.000
39148226 0.001
69384071 0.007
164215208 0.005
2753317 0.009
391996172 0.000
236724372 0.231
69173889 0.192
282327542 0.001
334918708 0.000
426128216 0.000
94999436 0.074
425495123 0.010
150807398 0.024
409583836 0.702
429447271 0.269
77536037 0.000
255278542 0.005
403515765 0.021
294700138 0.000
415626970 0.024
93450899 0.006
270106981 0.045
402509417 0.982
248282470 0.037
305668449 0.051
454385255 0.106
263894888 0.022
93219536 0.051
215866431 0.044
18499213 0.050
448983347 0.001
403159982 0.275
454182514 0.055
175587001 0.077
406944850 0.114
215320592 0.012
211896371 0.061
413810215 0.001
359208940 0.000
341290958 0.288
164095141 0.040
381236907 0.000
281970620 0.020
448738112 0.271
384710445 0.002
55368387 0.000
343479990 0.000
211793797 0.072
16130344 0.002
225224276 0.002
149039372 0.000
449017394 0.549
327905667 0.016
308183613 0.000
231259601 0.001
339747533 0.000
97442169 0.024
34922856 0.035
15410750 0.159
406869247 0.036
306004001 0.001
149601333 0.004
160905150 0.010
229422173 0.070
293096867 0.141
340623940 0.017
216156194 0.002
38878137 0.052
310956400 0.032
422398754 0.001
296280460 0.100
345228826 0.165
211725120 0.144
258408961 0.000
67555466 0.000
132249459 0.006
334105517 0.003
189373388 0.006
280270495 0.015
394406488 0.109
94160685 0.005
67910224 0.117
325736446 0.001
395820736 0.000
264141114 0.171
98919005 0.001
262085480 0.020
461952086 0.200
343596307 0.000
329679254 0.530
18034521 0.312
323463539 0.000
296114725 0.219
303182284 0.015
44335744 0.056
104920474 0.000
255400857 0.108
190504842 0.001
301396022 0.030
151388604 0.005
311836317 0.015
382889086 0.001
423421896 0.000
362322847 0.000
394034393 0.000
211075994 0.022
274736921 0.006
387781599 0.105
277538464 0.004
454981349 0.036
357883877 0.000
425703690 0.043
37940596 0.051
260445216 0.000
274255084 0.194
164101652 0.037
228033228 0.084
217527598 0.017
451500120 0.033
455745442 0.150
423346936 0.027
411766840 0.225
292236742 0.117
218138787 0.062
52141505 0.764
260328582 0.052
280263702 0.033
453625691 0.070
58897782 0.100
167367057 0.000
448133686 0.082
208763840 0.003
95209907 0.082
16172196 0.215
395325965 0.074
223889796 0.007
263412772 0.026
454541100 0.000
258494045 0.105
1456522 0.020
456221122 0.016
361674711 0.000
362030394 0.000
16178082 0.057
293436316 0.000
442713070 0.149
426659810 0.000
59501992 0.095
370769642 0.000
426535098 0.084
340088807 0.001
3243509 0.199
453881623 0.040
361273010 0.068
414348814 0.016
225215249 0.016
270476346 0.000
254525974 0.012
277232394 0.006
77618755 0.000
401486305 0.111
218857555 0.041
458179155 0.000
126469525 0.004
412148019 0.007
42150715 0.089
254464931 0.000
453693114 0.000
34541577 0.025
448444535 0.001
106848527 0.000
350522249 0.000
335980105 0.022
465710690 0.010
341800703 0.114
340630164 0.014
211973052 0.520
45472256 0.017
386011293 0.001
329838463 0.029
58904726 0.026
263350884 0.000
298871521 0.001
121160026 0.007
254804462 0.016
122018114 0.211
93400460 0.071
386985725 0.034
455262247 0.017
217026017 0.000
225224141 0.023
309484537 0.000
390939978 0.030
350560804 0.647
35991725 0.034
447151834 0.111
40875600 0.000
130075193 0.091
342775405 0.514
409624700 0.003
368761968 0.000
205341196 0.497
263951274 0.118
254644557 0.010
359208960 0.000
448973639 0.000
17153750 0.095
90827325 0.017
255496807 0.000
228123397 0.053
284372287 0.001
255003572 0.006
453498006 0.000
295777317 0.000
77570961 0.160
301454343 0.058
426898353 0.108
261193268 0.084
211576116 0.002
93926168 0.031
463734632 0.001
106321523 0.003
397896532 0.183
297489099 0.016
382338362 0.256
361276099 0.000
324975310 0.091
211678666 0.064
229634529 0.342
426613016 0.215
397524213 0.028
43280215 0.044
218029664 0.125
389545964 0.108
95919060 0.000
386985805 0.106
207405928 0.021
310855802 0.019
40124902 0.006
276963370 0.000
446813730 0.017
391295454 0.041
415307785 0.045
4881308 0.105
357883870 0.000
98200307 0.214
210578335 0.062
38368268 0.036
277637041 0.138
462932904 0.016
402173166 0.364
448444503 0.001
261113666 0.208
256902452 0.005
215899790 0.000
413608835 0.080
327742048 0.200
69616093 0.013
159800988 1.000
258711871 0.000
277634377 0.073
210579883 0.009
216973158 0.039
262913582 0.001
212089941 0.044
425992896 0.000
426570151 0.553
288061397 0.000
162929637 0.067
307852413 0.046
44541099 0.009
394364623 0.000
214044995 0.089
359208980 0.000
361800426 0.001
281045212 0.104
282090177 0.001
363804336 0.146
454886717 0.001
396096922 0.001
15644463 0.063
263205689 0.018
96349727 0.027
161396490 0.092
442744533 0.000
221461681 0.047
413791653 0.000
94362992 0.027
370198230 0.658
448397091 0.055
447323998 0.059
388490313 0.051
263951257 0.075
454512164 0.090
396591482 0.000
135010892 0.000
46888321 0.137
67910213 0.136
122128075 0.000
37713035 0.000
394593679 0.054
67982443 0.000
276207499 0.022
461055290 0.105
212036393 0.220
185831959 0.000
44410153 0.064
448958055 0.036
406778137 0.000
370104936 0.000
364101894 0.000
17272343 0.106
211796780 0.040
149175965 0.000
272235173 0.000
255480701 0.000
291521294 0.000
23894973 0.022
262222081 0.069
46220337 0.000
449128950 0.003
340539189 0.028
291943377 0.085
337850093 0.044
395827476 0.000
426682973 0.004
336931876 0.000
383711272 0.000
215767251 0.001
281145027 0.001
262652422 0.000
215713895 0.010
45955288 0.004
64872437 0.056
407730355 0.148
4871444 0.095
274736815 0.003
258413845 0.765
426269342 0.000
310428169 0.000
397572667 0.732
359767230 0.033
303712683 0.067
32859231 0.201
309804697 0.000
189649660 0.000
461952505 0.763
257358523 0.035
430701507 0.000
261403720 0.028
442779760 0.029
94685824 0.017
397562766 0.207
38507943 0.006
402616367 0.165
96458162 0.032
384295442 0.000
423221929 0.000
341030861 0.000
350432380 0.000
276861796 0.008
132241643 0.010
404972202 0.009
280716574 0.070
290900580 0.047
340153171 0.076
191530782 0.042
454218170 0.014
346793157 0.001
131160328 0.143
208334634 0.303
35981911 0.027
300449493 0.000
211134676 0.000
175221035 0.005
298125212 0.182
315215130 0.468
159355731 0.810
185822607 0.000
235416403 0.001
254314975 0.000
93397514 0.001
455425370 0.032
292756928 0.000
301606540 0.003
411523472 0.000
337728658 0.260
407225648 0.000
293490530 0.372
17172322 0.113
279321468 0.000
21907688 0.072
176736400 0.020
362170889 0.002
318089681 0.000
34049503 0.026
395329193 0.000
271725342 0.001
319559759 0.001
3151967 0.015
454744157 0.001
349571650 0.012
429385283 0.029
343890525 0.065
361867320 0.001
218494619 0.025
421885416 0.007
298060574 0.029
424887693 0.000
212089376 0.431
261060493 0.000
218261348 0.060
342144943 0.058
229415072 0.045
218490066 0.019
362478280 0.100
190289966 0.008
278417439 0.000
328024089 0.000
410598505 0.098
88311024 0.022
350522251 0.000
447052944 0.088
332767616 0.026
177336957 0.224
221514730 0.000
262477932 0.085
294154590 0.001
216054960 0.000
161775035 0.005
342705406 0.017
463764578 0.027
400635151 0.020
263679978 0.058
100964427 0.012
383627529 0.000
255184314 0.011
401918263 0.000
337225875 0.034
453652968 0.000
208592450 0.017
263385217 0.144
160233231 0.031
41953009 0.028
126460492 0.097
291745938 0.068
448727183 0.000
152377392 0.004
449080600 0.031
3089712 0.071
294300964 0.000
212010531 0.032
205905529 0.272
382217408 0.016
364615681 0.003
337313535 0.137
343430825 0.507
55155019 0.010
359214299 0.004
448286528 0.144
281630642 0.095
448818538 0.614
74405287 0.058
293704528 0.126
24504217 0.046
413525157 0.126
38373839 0.032
338234100 0.035
360845945 0.012
372852067 0.090
341345060 0.013
123301659 0.000
396422768 0.057
319467578 0.124
290011416 0.001
40397042 0.003
255150254 0.075
421170442 0.040
306789078 0.017
451398296 0.069
213824110 0.000
215480811 0.029
67919716 0.061
424717526 0.000
218694254 0.001
384484897 0.000
335511448 0.000
451430526 0.018
79587856 0.000
284368090 0.000
261809735 0.466
163141568 0.012
343375000 0.021
301749057 0.000
293724068 0.000
132249075 0.008
310424994 0.015
337359464 0.029
395224171 0.000
429317043 0.053
293427574 0.014
162046647 0.301
334469199 0.069
72721324 0.000
339974903 0.001
95345232 0.060
461086748 0.011
262555466 0.210
261696535 0.047
331836086 0.070
390945362 0.454
236511011 0.063
46808245 0.190
291523190 0.000
360675940 0.000
383391182 0.000
447016325 0.033
190189705 0.009
95711464 0.088
454899587 0.686
34285005 0.017
360149166 0.001
359487535 0.000
442744572 0.001
94999413 0.100
254707085 0.025
221554348 0.002
218631732 0.043
337307915 0.024
446820751 0.064
351085681 0.159
361954639 0.000
294809758 0.002
296157162 0.045
293403274 0.001
272466980 0.017
446872804 0.219
76546911 0.033
104641925 0.021
194445018 0.001
281141475 0.062
372979059 0.039
328766067 0.013
299681015 0.083
430247930 0.019
374637926 0.000
46211862 0.033
306984173 0.069
38296624 0.002
44092334 0.020
448710380 0.059
322269148 0.000
402974573 0.000
283973468 0.010
260633378 0.088
216338494 0.036
217978452 0.148
293429032 0.036
466478489 0.038
290460474 0.000
407011515 0.000
93396824 0.157
285893843 0.000
133392210 0.001
68411292 0.002
361276129 0.000
293154544 0.000
294194247 0.000
426268539 0.000
348772031 0.033
3154569 0.027
291376310 0.001
58476195 0.018
454654965 0.027
363526118 0.000
175722316 0.002
351305903 0.017
95919830 0.035
210702212 0.051
424331591 0.070
211779231 0.082
455717427 0.022
211762255 0.051
389227191 0.038
51521296 0.014
255004899 0.028
402554816 0.000
454274799 0.306
448133612 0.024
257598001 0.025
422476337 0.001
303019235 0.062
45072045 0.110
207124177 0.006
287537678 0.000
404098922 0.053
446965496 0.000
198720886 0.053
448375874 0.100
422873276 0.019
147400417 0.018
387786667 0.032
98018948 0.033
39983204 0.001
255020171 0.110
402531926 0.001
39858722 0.004
259920119 0.000
211725075 0.576
401709168 0.000
99124255 0.015
144255557 0.007
403442866 0.000
210620443 0.110
363379524 0.000
360076250 0.400
465520270 0.241
360374903 0.068
37850015 0.131
420350955 0.119
162053295 0.000
216124529 0.019
414116955 0.000
289771705 0.007
309351941 0.036
262913587 0.000
464787354 0.027
386729942 0.166
120782100 0.016
400340105 0.028
245696376 0.026
407225901 0.044
307634700 0.000
292440034 0.032
46133177 0.038
175221417 0.009
318145809 0.390
150728797 0.000
161244387 0.090
37582610 0.546
177313148 0.113
336349216 0.000
351416777 0.011
413534940 0.019
211736648 0.012
385635841 0.001
285488385 0.000
295603608 0.008
424364459 0.000
40942068 0.000
255255467 0.104
211951743 0.012
364438257 0.000
453626677 0.000
191693445 0.014
255118950 0.307
93609195 0.063
205913652 0.239
343880023 0.000
68326041 0.042
163325546 0.006
139182736 0.537
410215661 0.001
447028948 0.000
350676527 0.033
37411043 0.111
43284375 0.047
299785732 0.593
343405462 0.028
42508799 0.000
206961320 0.022
464689547 0.077
221217214 0.738
448370782 0.547
424708395 0.016
395857165 0.000
207950308 0.003
98253024 0.012
210615067 0.007
293467222 0.373
99124558 0.000
423221994 0.000
402800874 0.046
217493657 0.316
69873209 0.000
271326757 0.441
386948604 0.000
426546034 0.000
401828378 0.013
206779573 0.095
343797578 0.026
278425048 0.000
423063012 0.051
238229335 0.000
163597762 0.014
10000108032 0.012
8511389 0.053
257385077 0.000
448779485 0.000
225450921 0.082
156764167 0.001
351214427 0.027
311173468 0.025
205105470 0.002
362381605 0.000
21414244 0.070
137523952 0.000
422187246 0.142
420350959 0.133
17494385 0.000
213803507 0.071
411287352 0.000
200629312 0.064
361725007 0.000
374645651 0.000
293663374 0.049
276837635 0.023
257288306 0.000
442769971 0.072
461053908 0.476
453381881 0.064
66980958 0.244
255425593 0.460
38827878 0.000
396536095 0.034
448388718 0.000
8421236 0.048
461819564 0.002
211679367 0.015
260721189 0.000
397524084 0.000
44330985 0.252
149484135 0.017
87009634 0.000
254456328 0.100
71378948 0.002
446820729 0.049
402589236 0.076
311532096 0.012
426075289 0.106
120817579 0.022
295862501 0.120
50016032 0.000
351085650 0.122
66991253 0.047
311394661 0.060
383005857 0.044
40808665 0.034
29644008 0.028
211951744 0.032
361110759 0.000
388488095 0.000
215277347 0.000
38357867 0.251
402587010 0.001
211654530 0.032
426664677 0.588
208592824 0.401
36408945 0.007
454758804 0.000
222069258 0.139
164095144 0.038
46807920 0.003
224235112 0.001
28210177 0.035
215277351 0.000
395600046 0.000
88731432 0.402
153561225 0.002
176736942 0.177
163184757 0.000
67918692 0.002
37454733 0.000
343426651 0.000
211454645 0.650
15028127 0.000
44833041 0.001
262222001 0.068
293663523 0.048
44418069 0.000
215698852 0.019
302664042 0.000
140402748 0.028
360800824 0.018
394095834 0.000
255060898 0.172
449075513 0.193
178201957 0.051
423911396 0.001
255488482 0.284
164908448 0.151
291619933 0.073
145805138 0.021
210969434 0.705
18827619 0.308
448249962 0.021
29741467 0.026
279311282 0.045
280823413 0.093
310795395 0.000
305839059 0.224
363452006 0.000
211849340 0.014
96648678 0.082
211675081 0.028
448815759 0.092
38373752 0.026
143943718 0.001
338659121 0.000
25089509 0.021
215653253 0.010
212084172 0.114
38292026 0.094
72250487 0.147
254321103 0.011
96995628 0.010
222497532 0.001
154721109 0.011
188212112 0.016
380099203 0.115
460976544 0.005
149991281 0.000
425851736 0.001
423987209 0.023
260714638 0.074
31311052 0.017
218153662 0.044
80317932 0.051
293492918 0.130
392105133 0.074
35727827 0.050
16900708 0.002
39983513 0.000
362031748 0.090
211996783 0.427
54307736 0.013
327750546 0.197
349972151 0.001
254417857 0.001
380397332 0.000
407090659 0.043
446934066 0.021
177018607 0.000
279311389 0.041
37676697 0.058
384484904 0.000
442614057 0.094
42786585 0.000
348048264 0.051
188674522 0.000
58753591 0.135
370296415 0.016
461879791 0.002
361258400 0.000
17154129 0.011
446721329 0.032
334431092 0.081
421462428 0.017
460103036 0.003
318035339 0.087
154117365 0.016
342825382 0.026
46756545 0.114
218176262 0.072
460886258 0.011
2743284 0.674
259723177 0.266
170981236 0.037
216126282 0.001
447029437 0.496
258408942 0.000
218261287 0.061
293663035 0.057
225308268 0.112
90444130 0.100
297889529 0.103
280472479 0.000
10002408894 0.000
271989363 0.002
448704834 0.001
67374240 0.025
335176447 0.001
342691017 0.000
94827208 0.134
446731961 0.493
310424982 0.004
332128546 0.000
210464990 0.246
39990495 0.000
229726105 0.025
363870405 0.097
220924119 0.927
455365818 0.080
461176674 0.466
59331732 0.002
454790024 0.001
255488951 0.000
294193299 0.000
261960184 0.022
295063961 0.062
318089672 0.000
402227264 0.000
343789424 0.000
387434854 0.000
218158945 0.099
387016538 0.411
323020014 0.000
207454894 0.058
363747388 0.001
446980822 0.000
368759415 0.068
156544682 0.000
447039048 0.432
446877852 0.041
394388075 0.099
263776561 0.047
424011869 0.231
454646782 0.005
311163679 0.092
394562775 0.068
69384713 0.012
421874304 0.272
204820366 0.001
36274172 0.010
374453860 0.000
302105449 0.015
452666419 0.000
455084517 0.084
462952445 0.000
37986731 0.092
276674163 0.202
442746185 0.000
448964322 0.001
259618803 0.032
34779668 0.005
130074739 0.003
342500794 0.001
29997841 0.061
172284480 0.001
364279575 0.016
362625890 0.002
93451919 0.027
16130505 0.000
214386841 0.138
279321446 0.000
17153849 0.011
15091933 0.071
388744041 0.072
455361012 0.068
201703846 0.000
149640483 0.451
296033607 0.084
343516259 0.327
218243285 0.000
410407383 0.000
32956360 0.092
228027038 0.076
327738778 0.022
421525837 0.000
95276312 0.000
402685375 0.124
262652072 0.001
446977726 0.023
217672936 0.000
387791569 0.077
210647032 0.067
294133426 0.110
69511904 0.116
401327925 0.535
141754303 0.000
448593488 0.000
271992878 0.000
211729504 0.001
215333523 0.262
456244569 0.084
229029401 0.044
284785532 0.000
254644308 0.014
291652110 0.025
448508632 0.141
217296283 0.042
401827148 0.032
236837802 0.000
225009625 0.034
41623362 0.031
327747792 0.062
303283260 0.037
42268277 0.001
362548658 0.111
257275134 0.026
359211718 0.131
281042432 0.053
260464034 0.053
306734161 0.067
290602082 0.280
97443182 0.043
384578492 0.000
368658587 0.000
324119187 0.165
1456464 0.039
254328218 0.008
133701390 0.006
254885608 0.024
455980059 0.033
95461974 0.000
340396249 0.009
391937426 0.054
426479238 0.284
67555457 0.000
254488688 0.000
263085974 0.190
407091727 0.000
362030408 0.000
43291071 0.059
340716229 0.060
190227078 0.005
394269389 0.000
254495826 0.021
69290467 0.000
150828997 0.793
396465277 0.002
323811429 0.000
217978447 0.083
370195676 0.018
190145700 0.022
261295118 0.704
426898122 0.219
336461543 0.042
380332767 0.000
448249985 0.013
384251129 0.025
125801824 0.000
395324696 0.001
178201969 0.004
8811977 0.033
335860556 0.023
462958974 0.056
135339979 0.005
100964943 0.006
215277516 0.000
218821080 0.000
165038018 0.001
338244075 0.017
421468830 0.255
455197498 0.289
341708335 0.000
141941135 0.058
456486575 0.046
413791628 0.000
384922941 0.111
273790855 0.000
215535301 0.002
211611581 0.015
177039900 0.007
256159734 0.000
280557151 0.000
211854109 0.036
337225937 0.055
343880037 0.000
461000445 0.020
465439869 0.187
315504240 0.018
361459593 0.001
214905821 0.000
361407157 0.001
43597665 0.000
359208933 0.001
14696842 0.049
343993821 0.000
224433707 0.052
263786983 0.019
342083224 0.001
382958362 0.000
93606775 0.000
291746107 0.045
212096405 0.125
407012565 0.002
393722791 0.148
34672480 0.075
394061980 0.311
454025018 0.057
454511161 0.042
266989923 0.731
418797537 0.002
402799334 0.000
231038846 0.005
225224719 0.010
254596417 0.000
361328637 0.000
255431619 0.016
337450593 0.929
447993119 0.004
263948435 0.025
217784638 0.256
294534904 0.015
426682995 0.058
87860608 0.001
47074188 0.014
212035978 0.000
461011093 0.042
382335933 0.032
254779889 0.001
18411822 0.045
247260261 0.017
29360965 0.059
424331387 0.001
43955443 0.042
359288883 0.001
448867553 0.569
259313414 0.044
263496254 0.040
263305362 0.224
261123926 0.046
277557472 0.000
23954250 0.008
283273875 0.000
306984633 0.000
346742530 0.000
409574338 0.001
394038341 0.001
279687151 0.046
43677851 0.022
271731250 0.000
254877341 0.018
275819474 0.001
350583017 0.000
359281264 0.001
317898041 0.000
455572080 0.000
412967851 0.045
295603557 0.010
429447122 0.613
271978983 0.042
190758395 0.000
272496747 0.000
96236653 0.068
442674780 0.085
135641671 0.004
224671575 0.012
461735680 0.000
275396603 0.000
254314974 0.000
394061789 0.069
293301307 0.000
308663905 0.000
449027746 0.023
451398281 0.105
423643323 0.060
290019856 0.001
382874774 0.001
38762404 0.000
460890432 0.000
258339492 0.030
419758268 0.001
278317175 0.000
448946009 0.000
454098654 0.042
221025656 0.014
286892446 0.000
262652067 0.001
65720227 0.007
216718082 0.008
388739995 0.001
211779100 0.089
427035022 0.026
461927605 0.055
280714479 0.049
20847988 0.086
279410908 0.026
461039219 0.044
254534574 0.062
402227274 0.002
402869839 0.032
93703984 0.002
413791687 0.805
394406254 0.729
446683535 0.003
254527296 0.000
442587758 0.000
214044991 0.096
173262390 0.000
361530773 0.033
228127954 0.309
188798479 0.012
67555503 0.000
377023363 0.000
210620527 0.159
461000329 0.034
163140885 0.005
262460314 0.025
59591425 0.001
95704680 0.000
133392658 0.000
364021581 0.000
461236911 0.050
379267579 0.175
424958494 0.056
254394835 0.011
204901644 0.061
79373588 0.005
70042464 0.084
212111138 0.021
457986650 0.003
93397954 0.009
254519189 0.000
247259847 0.015
380099248 0.604
17175509 0.043
201708846 0.000
260028044 0.531
155098636 0.001
359426334 0.032
222079004 0.019
17529540 0.007
279055045 0.018
337805542 0.001
46220328 0.000
254314957 0.000
294405351 0.021
340712899 0.017
93927941 0.675
133383688 0.000
122228551 0.062
413267072 0.001
342304627 0.323
261228214 0.090
28725509 0.106
446965537 0.000
442635918 0.034
419758294 0.003
212370685 0.141
263311059 0.052
297951696 0.000
96282658 0.000
195821853 0.087
454852301 0.001
448973731 0.003
402030118 0.001
296372556 0.000
213020243 0.000
381292006 0.075
349247085 0.000
263350882 0.000
455981087 0.202
254620854 0.092
98468095 0.006
461214817 0.532
446722778 0.516
77538778 0.011
446901932 0.508
245519340 0.046
234546613 0.000
42868314 0.002
38373825 0.031
262652041 0.001
293096879 0.189
69290451 0.000
97105459 0.049
347610071 0.000
276832074 0.000
306648160 0.005
220435641 0.000
362832708 0.084
218552991 0.000
385635810 0.001
456488200 0.001
257477732 0.673
332770159 0.115
3424417 0.019
457983302 0.099
401341899 0.012
300722052 0.000
332128530 0.107
420359077 0.000
327830224 0.022
190102764 0.125
58475981 0.265
394905276 0.000
311104460 0.001
3731145 0.008
201197768 0.074
204898893 0.000
397881315 0.000
190289955 0.004
262652061 0.001
69170078 0.036
361407787 0.099
292443399 0.031
167308864 0.001
361459574 0.001
211500940 0.097
350092914 0.044
447013350 0.765
217781159 0.099
162644238 0.007
167893515 0.001
261235373 0.160
425941157 0.176
395332696 0.000
396153550 0.001
455360715 0.278
413791689 0.000
300440710 0.052
207954159 0.025
246112321 0.201
96236382 0.007
392327631 0.050
448986176 0.000
254803862 0.049
262865935 0.019
217107489 0.001
216452236 0.006
395330760 0.000
293862730 0.060
207035627 0.000
343146984 0.086
281468519 0.000
261958738 0.012
214898467 0.011
95797589 0.000
152042678 0.015
254510420 0.000
344492989 0.000
406869240 0.038
58751250 0.054
