34186313 0.000
404966456 0.000
242944301 0.815
454117370 0.132
213144924 0.611
244218667 0.003
356792735 0.626
260045357 0.000
400006712 0.001
24702962 0.000
457198001 0.554
468899299 0.261
34165005 0.001
407992163 0.062
4069740 0.131
245860616 0.833
415476388 0.144
416744641 0.000
401969526 0.938
141829048 0.005
450073750 0.561
442933719 0.107
43610371 0.000
11051621 0.614
442985471 0.000
283705787 0.876
350145729 0.121
356740918 0.127
455035646 0.188
34270747 0.058
31315605 0.002
382626283 0.002
345581720 0.037
345449593 0.119
41360092 0.181
450106395 0.592
425213639 0.000
394681097 0.268
464781787 0.048
262399973 0.864
399756350 0.064
450088073 0.291
169321771 0.000
262414133 0.001
345454029 0.009
365511716 0.126
284677969 0.789
272429196 0.001
146463944 0.724
415336047 0.944
436681114 0.984
242960493 0.344
356791048 0.111
287273495 0.947
399725805 0.699
293475392 0.077
398797587 0.000
450095917 0.000
242988474 0.657
283748859 0.142
459943073 0.005
300290959 0.274
452790069 0.672
436648343 0.719
457174135 0.013
55996999 0.089
249037372 0.439
436583665 0.734
397122855 0.420
150438986 0.000
24666925 0.000
9357038 0.007
56185436 0.000
245860271 0.115
269792987 0.003
178349701 0.001
445916059 0.161
435909957 0.530
436643233 0.072
9267167 0.890
300508516 0.002
30766720 0.206
167695207 0.002
333701779 0.761
415369061 0.070
272235173 0.000
457166652 0.001
468892065 0.516
303596551 0.440
33770206 0.000
34087106 0.003
436731737 0.350
356739897 0.395
283626515 0.218
445917558 0.347
31174468 0.001
445929366 0.815
436635544 0.966
300601975 0.002
442927920 0.038
373314348 0.000
167421770 0.021
468903374 0.185
408000713 0.251
454113147 0.367
425156622 0.185
450104591 0.007
146379120 0.000
396832171 0.738
333660024 0.470
24606786 0.000
178879442 0.444
245799131 0.304
140510824 0.000
38515451 0.001
436728983 0.520
9148472 0.001
294873015 0.000
9296249 0.001
307567676 0.036
425085901 0.131
436663107 0.002
373419510 0.771
250161518 0.762
283826096 0.170
146519456 0.022
399833819 0.869
311128720 0.927
408193553 0.745
453836724 0.655
436674837 0.085
454159477 0.072
416839053 0.615
150063175 0.001
454148852 0.011
450081358 0.000
150300652 0.088
389137735 0.065
399726969 0.155
255566864 0.069
269116525 0.389
38088982 0.000
121550960 0.029
94985470 0.822
459923481 0.236
345536384 0.050
141680190 0.001
43648944 0.004
31178218 0.126
177115026 0.005
140802204 0.573
348794245 0.614
457170955 0.247
399619130 0.108
450080231 0.100
452769649 0.044
436655750 0.122
244279308 0.464
307634685 0.000
452786265 0.609
9269740 0.001
281630642 0.152
442921265 0.000
372866336 0.884
262402897 0.400
213106118 0.498
245902990 0.439
397123250 0.000
301784611 0.001
442922585 0.904
38826608 0.152
434238278 0.302
396926779 0.425
34163167 0.000
396925361 0.117
425162116 0.978
408112201 0.328
293700371 0.714
408000102 0.186
67686223 0.000
139528983 0.022
150165442 0.001
415410260 0.613
242988721 0.060
144541670 0.000
9236425 0.128
396946570 0.053
408007602 0.052
306736346 0.005
146595323 0.002
9110408 0.410
250200401 0.064
373105820 0.055
232019492 0.027
365465053 0.713
38585577 0.001
426054972 0.001
401945698 0.883
248403709 0.050
450052132 0.774
397051186 0.422
43610210 0.000
150166729 0.006
407993597 0.648
49953717 0.135
30943997 0.759
434167301 0.789
457175285 0.058
300286594 0.000
249026018 0.002
279161695 0.000
303762448 0.373
281633400 0.002
373053873 0.008
450073095 0.360
350715050 0.060
56129245 0.601
309617797 0.000
34339799 0.000
255637617 0.251
345447723 0.360
450093505 0.047
356732709 0.800
399966435 0.912
345536055 0.795
396863954 0.842
60862101 0.663
13255195 0.000
250162010 0.000
373052731 0.149
452763404 0.475
333702597 0.894
415335512 0.751
220479441 0.000
249036805 0.851
244206864 0.222
464782997 0.100
245870264 0.906
450107383 0.467
38634587 0.079
146345905 0.000
442954410 0.000
365553925 0.701
349409844 0.000
389833839 0.183
436646050 0.000
452768637 0.459
284858094 0.542
167119634 0.237
452764827 0.475
399616561 0.331
300811050 0.000
332697630 0.013
436660637 0.283
319469216 0.002
10961397 0.065
43785949 0.039
262300263 0.000
356752735 0.599
176958076 0.000
455038962 0.325
67782272 0.000
373491439 0.009
146595523 0.000
450061342 0.000
425161190 0.238
415339920 0.075
452783197 0.813
272005200 0.081
436654375 0.005
372866331 0.008
242968689 0.727
255556234 0.153
262299949 0.000
452769779 0.000
293512019 0.953
92871099 0.000
389053079 0.173
450096796 0.000
333701425 0.166
283706877 0.226
459945200 0.001
284676121 0.128
452818822 0.046
369614136 0.121
345452661 0.147
298905325 0.168
415339571 0.304
272189504 0.072
117937121 0.002
372865942 0.460
9174851 0.456
114925008 0.077
348794244 0.455
454224261 0.043
141541728 0.000
13220504 0.000
373315728 0.951
404763457 0.000
245834104 0.382
468886370 0.571
416803615 0.657
250196232 0.922
445921685 0.390
452812911 0.000
149157628 0.016
345580410 0.414
464829537 0.089
452769778 0.000
356790586 0.124
220473052 0.000
243010821 0.133
262434986 0.120
457221735 0.609
442985474 0.000
299941039 0.359
293771699 0.002
198036298 0.032
245834152 0.962
345580183 0.111
401926597 0.666
142084858 0.000
455039101 0.605
284863858 0.128
436675829 0.329
294985508 0.212
457225535 0.044
408078448 0.203
348898042 0.000
149970824 0.005
70599031 0.726
38091452 0.000
160182375 0.000
416839288 0.004
169553462 0.364
248431783 0.000
293699697 0.819
452790273 0.649
399813599 0.709
43719375 0.000
457195663 0.592
373386173 0.227
455033257 0.000
299065969 0.000
468903909 0.052
311148897 0.910
262398789 0.000
408044751 0.816
442964983 0.282
278860957 0.000
248430880 0.002
408009414 0.001
455039305 0.060
38601388 0.000
300288565 0.001
92935247 0.000
452789216 0.524
40806178 0.001
450079946 0.802
283704888 0.080
9172418 0.000
238191637 0.088
468911356 0.060
117896006 0.867
262299002 0.464
245825957 0.094
178938437 0.000
245898287 0.948
231305443 0.000
56185429 0.000
391901214 0.012
415512278 0.389
333700570 0.434
348721996 0.000
399966604 0.129
457166659 0.002
213079923 0.830
293516424 0.780
453834989 0.000
311240766 0.787
11050832 0.684
416801726 0.216
245950412 0.052
25081882 0.113
245898716 0.031
250158330 0.243
293696266 0.259
307570910 0.000
269724249 0.001
401971477 0.620
454223571 0.001
67774011 0.000
32497720 0.000
457193491 0.072
245833108 0.956
283677177 0.645
432614088 0.304
284794832 0.048
146595322 0.002
445931948 0.148
436643408 0.558
449050155 0.000
38608972 0.001
43867513 0.212
464810241 0.222
309254942 0.000
372994493 0.235
356732714 0.618
24403138 0.001
454119564 0.347
407941621 0.506
67745030 0.000
300811055 0.000
459955252 0.130
436678889 0.965
457167948 0.184
283572057 0.000
453078812 0.035
389833838 0.203
269614193 0.348
178924035 0.417
9100103 0.890
401925979 0.000
372995542 0.936
245911111 0.503
245799127 0.737
141543002 0.000
450086715 0.285
245794401 0.924
303768053 0.285
141810398 0.177
306577678 0.125
176958072 0.000
269630430 0.269
345455690 0.681
436643382 0.570
168785323 0.047
416744755 0.588
245828474 0.593
149539114 0.000
308543621 0.007
311148901 0.987
300512133 0.000
248448639 0.001
452790277 0.328
166900226 0.018
436590867 0.922
358111553 0.318
445933692 0.666
24444823 0.000
24566584 0.000
250136515 0.826
262299129 0.102
178271839 0.000
245897587 0.003
213041839 0.124
345481095 0.502
415398838 0.826
245872954 0.124
141532658 0.000
311130554 0.087
176958057 0.000
169531934 0.624
279159761 0.005
245821395 0.912
60905405 0.058
29780460 0.001
150428939 0.071
71026069 0.350
345481125 0.428
38842861 0.025
309624074 0.000
32092617 0.000
11051434 0.110
436668110 0.303
345481160 0.283
56185422 0.000
416762105 0.187
350623166 0.080
436678837 0.899
250189574 0.000
457223727 0.155
178275305 0.432
242961483 0.434
436590898 0.827
464804129 0.001
408138604 0.175
364588665 0.000
350094542 0.000
436612699 0.201
249028191 0.388
141607271 0.000
445930752 0.417
141606159 0.124
149448151 0.001
445919079 0.698
307088388 0.000
14161613 0.118
436569539 0.209
140757571 0.000
283629391 0.850
345450479 0.498
139751975 0.196
459911376 0.105
416801947 0.001
452792560 0.022
389009377 0.008
213051184 0.000
259372664 0.030
189011882 0.000
389169500 0.071
372995582 0.940
408137277 0.383
307644927 0.000
396933964 0.059
31507090 0.079
242995296 0.161
38617594 0.103
55399950 0.078
34105375 0.298
60861692 0.024
300510614 0.016
117675988 0.000
294098846 0.001
388200181 0.002
389139677 0.127
432698118 0.646
464801809 0.041
350862411 0.001
373210847 0.589
38585410 0.000
231307840 0.112
345453074 0.284
399758597 0.013
373310319 0.001
141530801 0.034
242885556 0.025
271891374 0.013
250140320 0.925
169319686 0.001
436654367 0.007
399726330 0.485
332557351 0.549
245896562 0.183
464829389 0.219
436587535 0.901
38425090 0.194
298903181 0.034
452749913 0.001
161574907 0.800
260891994 0.000
245834139 0.920
229086812 0.273
248395037 0.000
141914317 0.000
450099924 0.660
34185047 0.011
356740199 0.521
31270972 0.001
10000644197 0.000
464778535 0.005
213036636 0.092
279250110 0.021
30946945 0.115
149306646 0.082
9235840 0.070
450105729 0.483
306736831 0.009
373309204 0.037
248611363 0.008
248657666 0.220
450074016 0.225
408042471 0.893
300448815 0.001
176871430 0.026
399621342 0.277
41027604 0.001
436569405 0.001
399813597 0.792
436571128 0.176
464777489 0.894
408010514 0.608
436676892 0.320
49936583 0.046
454162593 0.518
457164673 0.015
43726477 0.123
31358195 0.094
373107959 0.001
189019546 0.291
245829533 0.519
420980805 0.000
468891915 0.718
231308321 0.039
298905146 0.001
260972811 0.157
434135143 0.000
311149310 0.902
255784410 0.000
256837810 0.059
71087752 0.001
389923666 0.000
177076655 0.003
9115808 0.679
248647852 0.000
348839931 0.001
372899613 0.004
55399944 0.080
249034407 0.206
142015844 0.004
150187874 0.026
38826773 0.087
283863657 0.033
459944057 0.001
283705086 0.128
121643643 0.000
284678356 0.075
365554044 0.755
452785805 0.379
34339800 0.000
55977685 0.094
283826110 0.377
38698144 0.039
293473583 0.000
307091387 0.003
436573645 0.148
293771317 0.050
436722939 0.252
242960797 0.449
4069900 0.019
245838147 0.793
450095598 0.471
189015814 0.236
464808045 0.000
260302492 0.292
454153015 0.122
401925795 0.540
219425006 0.029
220433047 0.000
415479990 0.283
452817923 0.686
459972785 0.001
450065627 0.619
389624622 0.089
279091688 0.040
436573672 0.766
349679172 0.001
41112107 0.063
213101950 0.829
261062086 0.004
389140010 0.101
401926110 0.865
468887988 0.814
349520724 0.018
229087209 0.000
260656155 0.000
283707013 0.058
262297972 0.001
238190961 0.565
455057567 0.236
365551635 0.489
425210570 0.002
284702874 0.001
416743914 0.166
356733653 0.045
89266091 0.117
300706129 0.000
283705276 0.660
150357290 0.067
436660518 0.000
399755427 0.401
242988715 0.553
94988341 0.000
309475643 0.002
141481180 0.079
468892547 0.002
397016697 0.679
332533986 0.492
188969430 0.274
415389111 0.308
454156652 0.359
245797711 0.471
350445852 0.001
283721625 0.838
271977540 0.000
452818463 0.320
408008551 0.207
436705394 0.016
452771965 0.221
434261526 0.884
249072728 0.000
316972339 0.474
283632414 0.098
283795571 0.858
262399989 0.938
176380541 0.000
281630320 0.006
452817128 0.759
333660021 0.030
238927228 0.000
436702055 0.583
307210445 0.000
333679928 0.219
249037370 0.419
382099381 0.007
294782319 0.158
452768365 0.441
283792598 0.386
141029169 0.000
373420341 0.001
93054543 0.000
456864896 0.069
450021427 0.035
13324700 0.050
436641119 0.479
425210568 0.002
213038827 0.668
436587517 0.394
408115602 0.571
167892194 0.119
188989465 0.837
349153143 0.002
40806206 0.000
13203972 0.347
244217337 0.000
269116670 0.002
229076009 0.000
9148990 0.000
293512042 0.400
38014463 0.001
308751545 0.000
293224991 0.224
400004746 0.834
459963081 0.350
445923301 0.370
146523467 0.001
30405091 0.000
249065427 0.001
396974792 0.148
399839659 0.881
459936869 0.567
250196237 0.907
389135184 0.117
11002292 0.026
397061155 0.001
307439173 0.119
284858860 0.097
319559310 0.000
382202344 0.001
442954444 0.658
399668812 0.016
248473434 0.425
279091621 0.003
399697538 0.041
450089306 0.510
24518844 0.001
372850605 0.997
248402022 0.185
149214859 0.030
284864178 0.000
262398424 0.786
459935667 0.641
139650039 0.049
245870812 0.723
457141799 0.814
435939339 0.087
468877990 0.966
59089987 0.000
138767624 0.000
415398609 0.000
9236325 0.035
349790739 0.021
453837653 0.377
167896568 0.000
177036938 0.002
453448466 0.000
416719942 0.068
300087039 0.000
284794848 0.037
345411443 0.072
269695918 0.343
415555271 0.000
283826634 0.014
454159414 0.010
11052533 0.000
59038877 0.000
248680671 0.018
407963665 0.874
32498366 0.001
67774518 0.001
416761193 0.489
436566349 0.485
416803543 0.000
255593078 0.002
349304813 0.000
358112552 0.144
339770425 0.001
350522249 0.000
372954458 0.742
311130558 0.834
284196480 0.006
242960957 0.635
416800698 0.479
307440883 0.000
283571662 0.039
415336026 0.375
435303070 0.013
77745617 0.000
435905722 0.000
245833650 0.690
231304016 0.000
459921882 0.812
457203528 0.700
468910839 0.001
401945703 0.747
373030677 0.651
373207428 0.000
49955797 0.419
189020164 0.653
464808885 0.091
373262486 0.450
450099318 0.225
56182849 0.011
55454583 0.075
38515566 0.001
55757694 0.001
117764357 0.000
464809714 0.000
425156079 0.404
408159533 0.129
249028685 0.000
43900594 0.000
401928112 0.741
464801313 0.708
445919770 0.693
431693349 0.017
316970010 0.005
468888468 0.899
284790075 0.128
117898972 0.852
468912410 0.721
457175372 0.049
436703224 0.862
333642402 0.307
350141719 0.004
454115787 0.588
425162644 0.278
436701618 0.765
308750671 0.061
30844694 0.000
24608081 0.001
30185811 0.000
457141806 0.036
445932509 0.593
399729643 0.142
71027269 0.822
373309929 0.179
397016545 0.193
435925744 0.342
255567780 0.000
55440817 0.036
345481135 0.344
170802931 1.000
143381792 0.000
349480491 0.000
464811056 0.457
55404592 0.147
459944041 0.421
399834998 0.625
453837233 0.274
349197126 0.000
373056462 0.105
356792005 0.118
408044843 0.616
30531434 0.000
389042929 0.565
306773798 0.000
436612895 0.945
399838272 0.000
391890489 0.015
248646864 0.054
249036825 0.496
455072091 0.439
249072329 0.002
245790389 0.193
450070430 0.013
284707046 0.915
309617153 0.018
140690389 0.005
401928550 0.106
373206357 0.902
450095642 0.380
31174882 0.016
1528253 0.000
464778847 0.436
142013583 0.000
373029497 0.770
277022142 0.000
38017379 0.004
279092016 0.003
349766811 0.014
373382737 0.211
34339630 0.153
40973322 0.001
283603448 0.418
452749434 0.295
345581740 0.560
423810066 0.710
416805302 0.028
250198440 0.082
244249323 0.010
242994519 0.507
245948541 0.226
396975738 0.475
450086356 0.694
293475210 0.470
356754754 0.314
30927144 0.000
396899991 0.053
220461013 0.030
188985884 0.461
374910310 0.000
407614975 0.454
255758875 0.000
245870769 0.095
454119372 0.011
40973339 0.001
464778140 0.069
372865966 0.001
399619619 0.720
278780709 0.000
244205299 0.429
399813664 0.187
279614408 0.000
262398791 0.000
436651247 0.106
139577836 0.145
389136513 0.387
426590426 0.762
146443554 0.000
139758916 0.672
271597369 0.001
365565135 0.580
283703627 0.627
436588012 0.002
55555244 0.000
416801719 0.259
374861418 0.003
415440674 0.000
442959897 0.001
149573659 0.056
436636407 0.278
415397581 0.382
248393938 0.001
24696437 0.040
298850275 0.876
436643956 0.947
188986757 0.417
149107258 0.836
425155902 0.811
388129971 0.108
436665997 0.728
445922210 0.215
408008165 0.140
372954209 0.078
283706654 0.060
450050204 0.117
459930723 0.335
245794426 0.904
300658132 0.000
450065657 0.850
139548343 0.001
262326294 0.620
32092037 0.131
9237201 0.786
245898816 0.073
9161326 0.043
59129516 0.496
456887893 0.000
245937813 0.293
373382478 0.122
24403137 0.001
391949152 0.000
372866340 0.572
459959580 0.000
348721563 0.842
41593104 0.000
274211767 0.419
415439749 0.130
468879052 0.787
302004076 0.000
24570685 0.094
262398944 0.003
348962992 0.000
213036152 0.003
262411127 0.005
283623951 0.909
283721634 0.602
436636014 0.343
455033076 0.080
373134565 0.053
457141804 0.850
464832443 0.096
167251575 0.001
188986533 0.000
283721633 0.623
34086025 0.676
455064763 0.000
270573668 0.082
452783445 0.503
435310351 0.758
149248196 0.000
31017155 0.008
150099173 0.000
373107900 0.783
303768073 0.898
169483067 0.001
293633800 0.028
445916024 0.706
248611856 0.021
309614968 0.001
415406212 0.038
450085615 0.796
262402899 0.311
311240770 0.781
448940395 0.663
365512743 0.817
9456056 0.688
262502845 0.007
398800986 0.000
250140629 0.796
248681666 0.151
117733195 0.584
245798054 0.002
139548340 0.001
260476059 0.002
299065156 0.000
169531696 0.000
94988342 0.000
432609925 0.115
308155707 0.001
269724256 0.000
425158713 0.000
279158625 0.041
373419935 0.416
283795760 0.403
269054350 0.651
415402212 0.072
455003618 0.012
399839586 0.463
453837718 0.232
339633655 0.164
245829315 0.526
468877988 0.834
415512767 0.340
220391732 0.001
345457342 0.391
269055301 0.249
436681116 0.988
332533164 0.750
306774200 0.001
245943767 0.335
9341969 0.069
435310475 0.746
121707510 0.047
55664215 0.087
255546747 0.000
94985263 0.001
38630301 0.046
373420779 0.036
93026541 0.000
415406664 0.645
373315706 0.725
415482205 0.651
115045705 0.004
149253686 0.012
284790242 0.057
408076756 0.237
9174834 0.098
242984691 0.165
316970011 0.005
445922121 0.083
408160603 0.000
350560471 0.004
250139411 0.799
294208185 0.004
146345912 0.008
399696523 0.036
167009770 0.000
450094403 0.463
169449758 0.000
393294698 0.017
454150666 0.285
415557776 0.001
464770525 0.392
284624845 0.798
121596187 0.000
142014932 0.006
459960452 0.104
262302168 0.042
407999298 0.497
43784945 0.000
373317790 0.480
300740241 0.015
397061972 0.222
100660289 0.076
140282940 0.059
213144120 0.075
407999302 0.908
445915153 0.767
436729906 0.000
60907718 0.103
399728404 0.004
416744640 0.000
464770727 0.060
436564092 0.096
9267161 0.651
457174179 0.097
24520518 0.000
436632972 0.213
307852136 0.007
468889415 0.159
283722718 0.137
300444313 0.007
407964835 0.402
457196841 0.522
309401414 0.000
396951636 0.124
450092989 0.008
271812612 0.000
262463312 0.000
213105189 0.103
356754642 0.145
139370730 0.001
309716842 0.001
436643251 0.000
442965809 0.922
121567456 0.008
34339803 0.000
365462974 0.319
401946823 0.530
415339264 0.269
260164371 0.002
365508267 0.587
59129353 0.676
141867436 0.232
416744294 0.850
459916782 0.243
168633303 0.000
60907911 0.044
436670904 0.054
415402143 0.810
425161014 0.830
432698141 0.089
260162056 0.000
436587855 0.044
452808514 0.078
300239620 0.000
307850460 0.000
167339584 0.000
30927233 0.155
373028315 0.802
152414630 0.000
407964832 0.302
316919551 0.248
177309707 0.026
176401896 0.000
278987326 0.005
373381749 0.224
300291037 0.013
283629380 0.405
213069391 0.002
457190116 0.307
260369509 0.000
303677755 0.459
213103805 0.000
415401586 0.444
272005192 0.092
176378838 0.053
141526252 0.000
401944132 0.350
293886862 0.000
389008939 0.194
38697367 0.000
471011438 0.121
138768566 0.481
300864266 0.000
457162512 0.808
455034257 0.586
170699229 0.002
408011186 0.818
389755967 0.023
283705371 0.000
365565213 0.588
309792227 0.000
229087074 0.116
270574948 0.002
141870888 0.007
307925863 0.001
453831634 0.035
114915163 0.000
248438355 0.228
407991403 0.918
149626500 0.000
452786970 0.437
262436942 0.604
397017088 0.001
373140417 0.151
306573786 0.000
279455598 0.000
449050177 0.170
284859250 0.210
436616093 0.966
349158530 0.000
464803169 0.118
262435051 0.567
60878687 0.000
408008164 0.282
140757646 0.100
468911832 0.902
459944055 0.001
71151514 0.000
450061650 0.000
250159556 0.000
399817872 0.002
189015027 0.202
345449135 0.814
260417627 0.000
468898917 0.150
260606654 0.000
117897517 0.550
408214937 0.000
455031440 0.104
345480733 0.070
141605814 0.000
434261530 0.075
436579698 0.117
260189535 0.000
408137623 0.346
306634003 0.037
298907066 0.045
38128215 0.001
141911898 0.001
262326303 0.000
139701653 0.077
425161125 0.284
350522251 0.000
453836241 0.061
58959802 0.008
445917553 0.437
416744043 0.565
399697661 0.163
373260590 0.116
167045744 0.001
373488994 0.000
364588673 0.000
11047550 0.125
92881188 0.000
262462065 0.000
415332734 0.000
142052878 0.007
269114361 0.001
231124438 0.000
350443417 0.000
450110206 0.128
457195664 0.735
450073083 0.177
146521765 0.002
283679919 0.011
30033407 0.010
303677743 0.561
306741879 0.003
356738521 0.630
149249666 0.003
420981216 0.149
435928240 0.805
415336036 0.874
114923989 0.066
436708013 0.544
293475618 0.002
434229739 0.137
459952646 0.098
457165726 0.401
373189448 0.431
278991385 0.128
373054190 0.000
309656210 0.000
408075871 0.000
242965630 0.002
449050252 0.002
139445265 0.000
397065794 0.410
250169302 0.264
349570755 0.000
397046879 0.835
59002529 0.228
303680596 0.006
299064105 0.043
299004133 0.267
434238202 0.858
245787121 0.135
138775492 0.000
300654058 0.001
459907570 0.355
277025435 0.167
373031536 0.000
245858263 0.101
396861120 0.074
13201462 0.000
303768062 0.876
345412954 0.405
242964577 0.693
356752302 0.447
283729450 0.931
176362275 0.000
245834144 0.969
420963337 0.000
373524434 0.179
348721985 0.000
455071207 0.590
71109670 0.126
60878685 0.000
457199824 0.333
307085945 0.000
425213801 0.012
245822947 0.764
348896094 0.000
454199429 0.001
139547713 0.000
161613185 0.901
248997267 0.105
308453297 0.001
287329662 0.000
300244632 0.009
389082840 0.307
293638414 0.673
365512087 0.472
399839598 0.586
307036905 0.000
37990513 0.000
176984679 0.032
358154276 0.001
9264419 0.001
389081011 0.778
373384757 0.095
468910720 0.000
43864479 0.000
262526558 0.759
59133168 0.890
350820908 0.008
399696308 0.404
464811331 0.257
178804714 0.000
434228818 0.000
436673416 0.003
293635180 0.505
450089246 0.837
397050183 0.001
43530678 0.966
436726922 0.052
213046690 0.000
150034000 0.127
435930090 0.203
399726538 0.658
284863210 0.239
436583725 0.631
279213328 0.000
248406955 0.105
415510544 0.671
436677597 0.006
298984331 0.197
284706609 0.092
262398271 0.172
248474450 0.039
269055265 0.000
117628714 0.001
454119984 0.189
373053879 0.007
34112179 0.838
284791991 0.183
271976237 0.696
283629622 0.308
146820454 0.000
290716476 0.000
260473548 0.000
450082728 0.020
176956634 0.092
415406016 0.095
283865583 0.836
464797584 0.189
389136468 0.002
245942975 0.458
373209323 0.059
319313171 0.069
450073766 0.271
9456122 0.480
30719980 0.007
436655692 0.244
436651036 0.752
9112178 0.402
177020518 0.000
279220194 0.000
365465193 0.213
373367123 0.447
436636000 0.302
434135225 0.549
176366226 0.069
242937594 0.798
245871395 0.417
121158492 0.000
43485172 0.002
308919525 0.000
436645259 0.445
220036365 0.000
455071577 0.264
415335655 0.372
454114279 0.368
457202590 0.700
300654039 0.000
4069875 0.005
468890423 0.363
32677721 0.064
399621992 0.003
345538393 0.405
455007634 0.510
143338745 0.001
293770201 0.121
407999987 0.004
455035739 0.125
436651447 0.053
306898699 0.000
177354200 0.000
309617912 0.002
365509373 0.604
238230570 0.000
307571761 0.001
415510483 0.725
453837509 0.457
455031439 0.098
143381396 0.000
450106096 0.080
407993292 0.839
245838442 0.317
306828378 0.038
298904079 0.379
245832999 0.912
468890506 0.411
245799133 0.579
9115804 0.197
139726442 0.934
416838697 0.522
373108689 0.043
454190276 0.884
450054580 0.002
250163182 0.000
306577985 0.000
303759712 0.188
31473612 0.002
454141133 0.646
408076481 0.476
284795801 0.499
143339780 0.745
436707217 0.141
436681785 0.526
248431503 0.569
436654616 0.001
303594232 0.042
248446607 0.000
311150625 0.170
459971866 0.002
117628719 0.001
415372077 0.387
284703623 0.000
250164346 0.001
392024995 0.001
34308973 0.305
450052144 0.005
350141132 0.098
454118377 0.428
468912492 0.608
117921767 0.934
160148958 0.221
436566469 0.009
293219177 0.000
167750701 0.000
389081227 0.301
92990747 0.000
41256640 0.521
152417841 0.002
364424144 0.000
373417592 0.766
260710213 0.000
434160188 0.113
396900039 0.453
31091289 0.000
117744497 0.170
459944454 0.103
399699586 0.757
60906405 0.002
415333276 0.225
9160208 0.465
60862197 0.074
306472426 0.000
37818700 0.000
434234908 0.431
149060456 0.003
283601551 0.360
306827189 0.000
300811043 0.000
457170869 0.675
416802795 0.138
278779324 0.001
372899046 0.253
271799662 0.002
457200359 0.637
279955276 0.000
373104358 0.274
279088903 0.000
436729034 0.062
396954096 0.000
269079397 0.578
30405090 0.000
138774736 0.213
278780703 0.000
415335493 0.813
432613479 0.209
283751423 0.072
269696083 0.000
146596955 0.000
415482181 0.162
306899512 0.000
70597308 0.965
459921812 0.194
139758927 0.607
372900338 0.708
245799141 0.720
415409848 0.118
464776208 0.050
279404408 0.000
449050154 0.000
245823393 0.758
149216728 0.000
245865370 0.752
237939634 0.206
415370258 0.138
24566789 0.001
245860331 0.817
245895799 0.205
139733291 0.000
37778341 0.754
373188495 0.143
262297620 0.057
454196878 0.000
168674139 0.000
373031720 0.127
13254692 0.276
407615240 0.000
250194745 0.375
250132868 0.662
436724876 0.967
248617407 0.795
345536066 0.930
425176875 0.456
245829066 0.292
55405583 0.000
269613467 0.091
436615528 0.967
454157818 0.000
372899336 0.679
415390830 0.255
373367020 0.052
362028234 0.361
307488085 0.000
397122006 0.003
452768064 0.338
89265454 0.000
306935034 0.000
38458970 0.001
397047516 0.413
9172417 0.000
464797474 0.762
436615877 0.654
319610825 0.001
397061491 0.009
464810109 0.143
454118878 0.000
455006575 0.043
300706136 0.000
139446079 0.000
407963657 0.909
168850950 0.000
59130030 0.195
92870479 0.000
436655875 0.772
25116746 0.000
269630281 0.558
452766621 0.412
279217312 0.007
37905048 0.018
262465431 0.011
260471755 0.106
32605891 0.018
293471334 0.068
245827506 0.018
59091039 0.000
293633400 0.157
24299097 0.000
279218518 0.000
141911911 0.000
242940047 0.000
245905321 0.750
245821264 0.816
100725144 0.024
34147461 0.127
262400868 0.098
9237199 0.899
55757720 0.001
345451293 0.389
55523498 0.000
279615974 0.000
178938436 0.004
401926115 0.848
306672559 0.001
416837788 0.212
245937836 0.587
450078894 0.000
307084310 0.000
245834542 0.043
373315726 0.703
213039065 0.059
416805426 0.757
464835193 0.112
445916665 0.818
25154085 0.386
369613267 0.542
372954815 0.625
269114192 0.334
152376867 0.001
262503761 0.001
450061978 0.064
455026486 0.000
416838498 0.839
457195671 0.361
279614617 0.041
269724883 0.625
34340205 0.003
139528072 0.797
300556532 0.009
152439355 0.000
293509271 0.426
242960511 0.473
245949052 0.321
459955478 0.383
229076008 0.000
319470882 0.002
30469708 0.000
284676079 0.834
141029164 0.000
382029115 0.042
31474414 0.240
9379211 0.000
38693441 0.000
269694232 0.117
59133165 0.902
464752075 0.462
436673647 0.044
245911365 0.492
369613320 0.620
445929376 0.786
436586283 0.002
43730071 0.000
245950313 0.256
70889321 0.000
450023421 0.001
459908417 0.013
408115684 0.035
242944305 0.555
59042621 0.382
436721936 0.457
415389310 0.821
436721787 0.696
311092967 0.275
245870798 0.870
283624051 0.495
436727758 0.330
307997423 0.000
284704210 0.661
382265947 0.094
293772346 0.000
141942209 0.000
372866705 0.046
356733523 0.019
450049126 0.120
92937070 0.038
146523466 0.001
260503684 0.000
455057931 0.263
298956564 0.936
450063566 0.867
71087757 0.000
454198952 0.946
307085473 0.000
468898393 0.022
345412473 0.044
436676239 0.336
432610441 0.000
284677027 0.623
260045364 0.001
242985047 0.846
397047809 0.264
349679184 0.010
415480003 0.499
454148095 0.856
121638428 0.000
408193397 0.094
436681905 0.010
32603019 0.000
452749183 0.537
436661447 0.789
461713533 0.006
34273030 0.002
362027808 0.345
309792228 0.000
31091667 0.295
176933840 0.000
29780293 0.000
455006509 0.138
143288173 0.912
9292966 0.000
278895571 0.014
370223815 0.000
9435127 0.001
9237481 0.641
250137594 0.000
220435641 0.000
396953223 0.088
284703922 0.000
408077315 0.000
436674952 0.168
298770099 0.002
408159595 0.129
149248193 0.001
345536047 0.862
436572445 0.003
436632700 0.592
389083069 0.230
121706887 0.137
399621424 0.395
188970131 0.087
356734026 0.068
262526561 0.065
279433997 0.000
298906033 0.546
373140021 0.408
303678160 0.959
373317576 0.694
449146774 0.336
283706331 0.704
299899924 0.000
293699571 0.504
464799602 0.153
43607025 0.000
450070348 0.654
372994750 0.121
316835929 0.001
373308740 0.133
166874846 0.750
674784 0.016
300559950 0.001
177179708 0.127
306472119 0.000
149253955 0.000
431695626 0.166
93128736 0.000
300741565 0.004
348721988 0.000
44890491 0.000
408236445 0.000
300741570 0.004
121550643 0.001
231741043 0.000
283863695 0.002
248654229 0.006
333679254 0.770
434239319 0.653
445917348 0.198
169554480 0.028
245937891 0.064
9172894 0.840
177386251 0.003
167695269 0.000
279250728 0.092
284796233 0.799
245835374 0.369
455059648 0.001
436726887 0.923
459932036 0.385
407965665 0.746
356753188 0.318
279513028 0.000
262465311 0.072
450091729 0.328
307436353 0.000
372899471 0.218
269114359 0.001
464780198 0.020
468901038 0.527
279056286 0.001
49951347 0.001
9235988 0.955
293634534 0.185
349764623 0.001
143336657 0.000
432609933 0.092
269792989 0.003
399966366 0.085
31053521 0.000
454114752 0.368
350479753 0.001
408008862 0.511
298981883 0.001
293770565 0.032
303596550 0.519
307026440 0.004
442933194 0.013
349906558 0.113
283792910 0.128
389861409 0.006
434226477 0.014
450046950 0.024
59127918 0.340
450098270 0.939
457199985 0.258
303765602 0.172
11081457 0.187
300327071 0.000
25065082 0.002
408000076 0.466
55401748 0.000
450071457 0.299
309623382 0.001
349375610 0.000
348962456 0.000
333658876 0.050
407994014 0.121
13257900 0.403
373102171 0.372
450072388 0.415
457196915 0.312
49955285 0.778
350841994 0.009
306469923 0.000
468879546 0.570
415367661 0.000
407941417 0.271
396933875 0.436
350954265 0.165
249026023 0.001
356752042 0.187
150166740 0.003
450085151 0.582
178215044 0.014
293636750 0.065
464782783 0.115
454144303 0.681
300510624 0.011
376987266 0.017
401971079 0.610
436722278 0.355
415410287 0.789
373259853 0.000
38424797 0.099
307924626 0.000
454148256 0.078
408043017 0.001
67776014 0.025
178275177 0.000
365512083 0.866
426054235 0.005
416836175 0.005
284863904 0.001
373191048 0.107
71132053 0.102
345536007 0.504
77842017 0.000
436632856 0.253
279494178 0.001
373243347 0.547
283675896 0.764
30948421 0.000
262504677 0.057
445932513 0.038
455074060 0.317
365461328 0.073
372900360 0.547
11164000 0.840
370248498 0.540
442895414 0.000
301784247 0.000
167125861 0.000
316835284 0.000
143381386 0.000
4008914 0.811
415510516 0.601
301058521 0.000
141612433 0.001
436583771 0.012
278779178 0.000
245896166 0.724
298846724 0.697
246905671 0.001
94985464 0.738
245901839 0.215
260653937 0.094
394679347 0.253
459959710 0.053
245820566 0.814
345457838 0.734
452787288 0.665
373311188 0.832
71108094 0.009
408010992 0.048
149539842 0.000
399755815 0.340
177168554 0.042
464779448 0.213
300651846 0.001
250162009 0.000
140893238 0.000
138799938 0.952
269795193 0.005
11046741 0.001
142106818 0.000
401928114 0.008
373028308 0.796
300936320 0.072
300292836 0.000
435930046 0.341
250186836 0.631
10996511 0.291
176377369 0.000
262466110 0.363
250137596 0.000
311128724 0.796
242964337 0.518
271722518 0.037
149420154 0.000
293471442 0.450
459954467 0.460
365565044 0.579
55782010 0.004
416744687 0.849
452764208 0.105
300510615 0.021
389624626 0.085
436573728 0.566
146324929 0.126
248658886 0.007
374911640 0.003
245905006 0.364
177116027 0.000
432694740 0.358
333677244 0.224
24443434 0.045
410447136 0.002
415335642 0.244
38827878 0.000
309790075 0.127
464772131 0.109
245833478 0.736
445921917 0.688
9172954 0.003
160182378 0.000
271721532 0.116
349059640 0.041
416837809 0.975
415370263 0.900
249066580 0.073
399870380 0.000
456893979 0.530
455030046 0.481
450082406 0.306
397046663 0.075
271974985 0.031
245788950 0.118
150250303 0.000
349158582 0.006
457197911 0.691
303597262 0.551
167244982 0.014
464776390 0.811
450058145 0.000
139751969 0.586
436668790 0.754
300088476 0.000
299064897 0.211
43762031 0.722
38014460 0.000
284797147 0.005
442927559 0.000
373524227 0.192
118034774 0.000
160149343 0.000
464781450 0.126
115046257 0.000
250196252 0.872
362028218 0.214
401926127 0.764
450092992 0.927
284861749 0.287
442960034 0.038
415476664 0.301
260297468 0.000
410447093 0.069
293773654 0.640
311129868 0.391
242885668 0.487
269078674 0.721
450105429 0.161
434261524 0.915
349310663 0.007
416802566 0.000
245793458 0.004
434135621 0.325
373262487 0.010
250191992 0.690
245905192 0.003
399667156 0.600
450074132 0.030
149848504 0.144
399754405 0.322
450052773 0.000
436723696 0.537
450092974 0.845
345452720 0.364
92880939 0.001
306472113 0.000
176960346 0.000
436644176 0.628
9172272 0.094
298848696 0.952
245822335 0.969
452753269 0.308
450091509 0.001
9381284 0.608
146443551 0.000
271597374 0.001
279481568 0.000
445921044 0.076
213039060 0.069
299065826 0.029
399731103 0.000
436612859 0.016
436645080 0.574
89256564 0.000
243014912 0.789
30926236 0.000
167338162 0.255
117980676 0.011
231824496 0.092
179015449 0.024
150100358 0.001
348721750 0.070
259574359 0.396
364588669 0.000
300810595 0.800
30113197 0.000
151586905 0.000
260190530 0.000
242944318 0.068
373210284 0.248
434230625 0.067
457201609 0.188
242940008 0.800
139704456 0.000
24602547 0.000
356753195 0.508
269114355 0.001
300510621 0.076
450056816 0.153
425162016 0.103
138797175 0.000
167306135 0.000
167085222 0.028
177033514 0.000
38602305 0.015
311238697 0.160
32608242 0.227
261062085 0.005
260162055 0.001
373417485 0.002
452808158 0.161
176959058 0.001
425214803 0.274
245902131 0.471
249025596 0.866
38509839 0.004
71151517 0.000
294326815 0.001
9176290 0.742
176377376 0.000
350432380 0.000
399813613 0.379
307438608 0.023
345457121 0.180
167658780 0.461
349309726 0.000
397016002 0.676
452783204 0.012
436706260 0.896
248403702 0.044
399621421 0.247
250131575 0.907
55555248 0.000
149988554 0.116
299006005 0.050
244210781 0.209
373242866 0.070
167307524 0.003
348839212 0.000
350585010 0.061
260606661 0.002
426588943 0.296
238926490 0.000
410420531 0.000
269696084 0.000
284731215 0.203
435939508 0.282
456893142 0.402
445934029 0.000
452764814 0.426
168833231 0.000
141121080 0.002
38842864 0.021
262436960 0.126
415372445 0.092
393491493 0.507
350745215 0.000
37818706 0.000
468900794 0.157
44892596 0.005
350094541 0.000
450077864 0.766
333684026 0.025
246905718 0.000
307637608 0.000
213069573 0.000
176361962 0.005
436653151 0.266
146343284 0.003
416804081 0.042
431696063 0.007
245905011 0.570
146379121 0.000
453123017 0.057
457164017 0.078
248431172 0.047
307495006 0.002
139726448 0.782
213104008 0.010
455006954 0.320
442960055 0.139
293610103 0.171
260708271 0.000
445917096 0.046
450057418 0.061
442927906 0.782
32676944 0.003
415389612 0.011
450065656 0.692
450050320 0.474
457173445 0.068
358806647 0.000
220619694 0.023
283633560 0.188
436653150 0.326
245838139 0.629
399696540 0.095
278726001 0.003
284678122 0.247
373260189 0.061
213106475 0.043
271639172 0.001
455033180 0.045
464778984 0.396
140759479 0.014
245947852 0.695
149271251 0.000
358806386 0.055
238914458 0.002
242984547 0.765
415332735 0.000
269696087 0.000
399869799 0.318
382186180 0.001
365464060 0.715
452754065 0.367
249040248 0.354
237978086 0.089
454161953 0.561
453831652 0.025
278900608 0.000
452788453 0.379
332659806 0.000
459974495 0.000
407999763 0.042
457192782 0.260
140940459 0.000
167306990 0.090
436612905 0.892
333701079 0.432
369613260 0.152
245820406 0.925
245788944 0.140
436662875 0.735
293887406 0.016
373311200 0.190
365550338 0.393
40519480 0.038
287428978 0.027
311241292 0.795
9381159 0.886
468887976 0.728
445916020 0.654
373312515 0.044
436612889 0.839
382527858 0.000
301784254 0.000
141607295 0.000
43785950 0.035
34183454 0.290
149125993 0.114
373450087 0.105
9173151 0.770
468890169 0.119
245787414 0.156
279536833 0.469
262298124 0.057
293509354 0.018
389118801 0.800
450086354 0.666
365553118 0.509
188986755 0.888
415510506 0.559
149060262 0.000
298809817 0.096
294671814 0.046
453097571 0.000
415371878 0.089
464832129 0.073
150392500 0.000
307778428 0.259
283793089 0.282
249025162 0.011
143288172 0.684
248994115 0.063
311149315 0.116
249037586 0.708
300380196 0.003
300091363 0.000
142015491 0.000
139826512 0.001
370102965 0.088
345452819 0.467
150102768 0.034
399818407 0.001
250189636 0.000
382069320 0.000
452784656 0.132
450083944 0.194
376936014 0.000
150100216 0.068
434233082 0.115
14092291 0.079
434229725 0.572
141605799 0.001
311129595 0.057
373419520 0.787
59207434 0.179
399966420 0.014
9268811 0.263
249064886 0.797
389868672 0.828
299899921 0.000
167814521 0.000
350842366 0.003
31144248 0.002
9264128 0.989
260044196 0.001
345581742 0.792
397061751 0.300
399786029 0.128
269116681 0.002
189015818 0.143
141121650 0.148
38459686 0.033
13093325 0.002
408042785 0.399
284797200 0.755
436644132 0.321
373242808 0.796
452818430 0.000
408188064 0.989
33878971 0.147
464778921 0.006
333702346 0.082
146440853 0.001
450052143 0.257
279161696 0.000
397051587 0.121
455059281 0.056
457201203 0.267
349371701 0.247
283748958 0.070
298813704 0.090
415402207 0.090
152439352 0.000
457196284 0.554
459907039 0.063
220391730 0.002
436571999 0.007
30927145 0.000
407966574 0.247
262400228 0.017
219195608 0.000
435880165 0.062
213069375 0.004
13346586 0.017
435930993 0.285
436566756 0.557
49936593 0.907
56096599 0.066
319469220 0.002
401969773 0.786
389053072 0.056
456888232 0.007
248654878 0.136
350480288 0.021
283601110 0.843
139727080 0.873
30925691 0.000
283625363 0.646
43869109 0.001
339632984 0.000
283751736 0.032
307440865 0.000
34183908 0.000
13092427 0.000
457169479 0.520
56027593 0.004
13343951 0.000
408159754 0.065
396897556 0.085
242988459 0.218
242885571 0.461
139734629 0.894
306734144 0.015
271892398 0.003
138825522 0.215
245936943 0.645
376931818 0.000
373317700 0.000
284194034 0.000
11053693 0.036
245870811 0.977
393749316 0.391
242885567 0.718
448847121 0.314
434138723 0.427
399697537 0.070
450093015 0.005
293698492 0.765
459935395 0.352
459954470 0.429
59039221 0.416
31378268 0.158
434228805 0.000
450072580 0.417
55758110 0.001
408187504 0.000
349972148 0.001
262616257 0.000
142015494 0.000
356789841 0.044
373026322 0.008
245866773 0.264
279536940 0.094
245895884 0.094
245935097 0.284
260269456 1.000
436633043 0.405
436682388 0.000
457200252 0.192
356754258 0.214
307363608 0.000
450085608 0.672
332643433 0.418
168633463 0.000
10001779665 0.314
149992410 0.001
468903157 0.611
407993714 0.171
365549594 0.092
4113082 0.068
452755521 0.133
169397943 0.000
9356975 0.000
407993591 0.649
245832992 0.601
245902452 0.574
445921649 0.076
309624070 0.000
245834894 0.834
179015450 0.027
350522254 0.000
436701837 0.000
452812443 0.314
464797923 0.264
213104184 0.000
250196245 0.018
345479968 0.055
279157168 0.001
455004900 0.602
309253106 0.001
167551504 0.001
307710751 0.001
279432994 0.720
283723294 0.137
149124201 0.004
283600615 0.021
457166650 0.000
457191486 0.323
396951853 0.001
167749773 0.000
408076338 0.000
161612369 0.000
455033719 0.056
436580265 0.635
143377034 0.002
32500533 0.000
293614702 0.765
141810403 0.099
307361781 0.000
38602307 0.010
459900997 0.847
260297476 0.000
307852155 0.061
436617299 0.007
188989457 0.701
350480282 0.016
449100595 0.006
407998479 0.165
255593818 0.087
423786721 0.016
117940585 0.734
261258521 0.000
408077304 0.000
250197361 0.053
260045363 0.001
399758581 0.724
408080379 0.473
350342403 0.000
319610823 0.001
407966688 0.001
31114527 0.063
436578857 0.456
349571783 0.005
349478776 0.000
372866601 0.460
399818406 0.001
38515510 0.000
442870678 0.001
142146329 0.048
445927744 0.022
293614364 0.593
146805963 0.007
188986750 0.897
457142808 0.211
402215190 0.758
319258565 0.196
311240753 0.526
468892320 0.893
464806313 0.008
333700562 0.121
397018117 0.046
283866910 0.005
436576914 0.558
459952443 0.212
245832329 0.890
457199028 0.267
262502957 0.413
348667105 0.242
459918105 0.158
303763027 0.755
399966554 0.599
283624726 0.038
167203947 0.000
316835572 0.008
43783724 0.000
167460477 0.207
33836221 0.000
436678521 0.002
309624072 0.000
464813201 0.769
455033709 0.052
425161133 0.592
271725342 0.000
176960355 0.000
43845563 0.062
436678862 0.971
9238044 0.084
283825679 0.122
150168326 0.104
442929197 0.594
349153325 0.000
373191482 0.694
415406341 0.646
468889029 0.378
167810268 0.071
436576783 0.358
356739141 0.884
9100098 0.962
244205369 0.000
270503717 0.002
348896090 0.000
139575985 0.476
468902843 0.310
283623981 0.420
40523642 0.099
436705791 0.270
389117803 0.015
245794424 0.790
420963329 0.000
260656150 0.000
333700858 0.450
332533172 0.824
436640654 0.369
55400027 0.000
146324122 0.000
350954931 0.000
176363090 0.011
350343279 0.000
464779130 0.277
150359174 0.021
445919753 0.161
32603007 0.000
245901834 0.483
146345765 0.000
293699592 0.372
464776406 0.498
450081356 0.000
452820396 0.051
245870802 0.940
284704488 0.093
283750167 1.000
345581750 0.775
407943123 0.556
179439138 0.052
32069988 0.100
158067240 0.013
177354214 0.000
307575996 0.000
454191599 0.495
32757759 0.102
30926237 0.000
425158136 0.759
213049699 0.474
284706574 0.092
55556797 0.000
436674034 0.067
245858124 0.156
306472420 0.000
262504999 0.162
436564537 0.324
442954415 0.791
401971053 0.482
143288190 0.803
178969016 0.002
38760372 0.000
294207190 0.033
350740905 0.001
70910812 0.894
408075119 0.095
245950209 0.001
309791548 0.000
407963148 0.949
397051192 0.662
245871481 0.686
248646452 0.172
141680315 0.000
349304789 0.000
178288634 0.116
30927948 0.000
399608798 0.394
260709556 0.000
332644729 0.000
436729149 0.535
454155704 0.007
293699769 0.040
146518022 0.000
401944278 0.215
30536508 0.059
13148624 0.000
152376202 0.373
434234883 0.192
436707225 0.557
24345348 0.017
459971813 0.000
436612878 0.436
31173893 0.220
56127754 0.116
231307308 0.001
396863906 0.204
248439061 0.000
138767619 0.000
31090821 0.251
450102017 0.004
450086334 0.560
432694778 0.350
279475255 0.000
332646698 0.037
401967050 0.131
373107908 0.054
114923678 0.000
248405925 0.744
38396279 0.001
245908172 0.525
43608836 0.127
431383447 0.100
32500541 0.000
245797439 0.719
40973334 0.001
141621393 0.000
38585407 0.000
349784000 0.038
456889765 0.413
445920242 0.879
9457996 0.001
213049697 0.269
271642504 0.001
34235272 0.551
11084837 0.524
408076716 0.000
468891551 0.263
41033449 0.002
434229399 0.127
457202593 0.251
450059610 0.442
407993017 0.281
11166963 0.380
260075973 0.001
373383809 0.227
278861365 0.000
283606309 0.035
71027792 0.072
454192652 0.072
303677439 0.169
374910314 0.000
255590961 0.027
242961184 0.147
177016726 0.056
350026530 0.000
468879055 0.582
455064378 0.090
245833006 0.870
464811328 0.553
10001779252 0.021
468892241 0.047
442895415 0.000
59042629 0.778
431380578 0.272
55559286 0.000
332660818 0.040
452772248 0.150
468911645 0.595
220389469 0.101
13257762 0.000
415406053 0.185
177115815 0.116
150102343 0.267
293509356 0.852
455008915 0.319
11082063 0.022
43529214 0.002
141091553 0.000
219173590 0.000
408007378 0.117
401971332 0.206
464783048 0.143
139440191 0.120
456865519 0.504
436592351 0.612
407998849 0.078
245797084 0.000
442916937 0.354
426055864 0.000
373030676 0.000
436673363 0.876
167244930 0.000
382041470 0.226
450107492 0.411
231090055 0.049
41227678 0.000
356753512 0.006
9235576 0.524
300009837 0.000
250170075 0.000
401945750 0.801
283721630 0.412
364422296 0.000
307433518 0.003
33736757 0.002
9292969 0.000
121638427 0.000
262434977 0.141
31270986 0.001
238190849 0.181
244278558 0.000
260190519 0.000
38846471 0.000
415406656 0.837
349790662 0.239
348666608 0.359
152376199 0.309
452792037 0.330
70597307 0.777
404934230 0.000
178805087 0.031
13148619 0.000
450058135 0.000
300651835 0.002
284728701 0.665
457191898 0.009
436566170 0.000
319312101 0.000
9355432 0.204
283824085 0.000
260538589 0.000
442933713 0.097
415367024 0.115
455033244 0.000
237978386 0.000
452747489 0.366
303680850 0.974
373454000 0.576
283828144 0.597
140945677 0.000
453836723 0.761
271999302 0.000
399818418 0.001
176376535 0.281
293773469 0.342
456893751 0.659
300937933 0.016
455067071 0.000
245950432 0.210
373135195 0.094
1397567 0.001
293615250 0.001
350741896 0.431
141091772 0.028
146556396 0.000
373190643 0.424
245864008 0.973
350559794 0.002
43649547 0.055
311130754 0.874
245896171 0.867
468889148 0.000
250195348 0.833
167367057 0.000
349483399 0.000
31051258 0.591
248439912 0.222
38628093 0.000
249000452 0.101
38466770 0.000
255615194 0.053
373054434 0.508
407964146 0.044
459930110 0.129
269694841 0.000
146805004 0.000
459974242 0.415
450099028 0.447
408007985 0.077
307922506 0.000
450105696 0.894
350345044 0.003
139751981 0.586
455039371 0.421
149630677 0.000
308992722 0.132
450098274 0.237
30996578 0.003
452815212 0.000
13985471 0.015
262325596 0.006
9431742 0.000
255686833 0.005
396953438 0.784
138775330 0.001
245798067 0.935
272429169 0.059
415480061 0.510
445916198 0.005
454151629 0.211
11163992 0.832
445915524 0.105
13222185 0.484
442928611 0.000
396831996 0.725
255594320 0.000
373191488 0.620
248616602 0.097
364324671 0.009
262258416 0.068
350715741 0.002
432614103 0.516
373313570 0.000
13095154 0.000
299004165 0.769
389169943 0.323
306577300 0.043
307439953 0.000
139680713 0.011
271795440 0.003
450085220 0.710
452818557 0.063
31381618 0.129
436675301 0.285
404934276 0.001
450091468 0.002
348898060 0.000
348666490 0.245
248477077 0.189
269075386 0.057
249071654 0.491
452769150 0.091
369613261 0.880
243011793 0.011
245941139 0.460
248681212 0.065
219415834 0.072
242964505 0.007
189013718 0.051
300449874 0.000
425215366 0.000
89265453 0.000
166931784 0.043
169482780 0.000
450105721 0.509
60905711 0.097
453448469 0.000
13271667 0.130
271596163 0.009
13343955 0.000
349375861 0.000
389920235 0.088
452790506 0.274
454199894 0.001
242981603 0.866
452749032 0.372
31602656 0.016
415442724 0.000
141026210 0.000
245871312 0.001
464774008 0.268
464808041 0.000
452787650 0.000
350029791 0.001
425155995 0.139
397065066 0.042
442917329 0.551
32500548 0.000
407943129 0.245
38519129 0.051
457225201 0.343
271903223 0.024
284702323 0.007
178288638 0.110
356753003 0.177
399872365 0.000
30531417 0.000
261399813 0.000
117896343 0.148
452768557 0.001
415371552 0.455
269792996 0.002
309253105 0.002
456893761 0.059
454153007 0.004
169531944 0.015
262299105 0.505
308919516 0.000
345539956 0.530
407998223 0.718
13221735 0.035
345481097 0.326
468902846 0.496
464778533 0.004
445917950 0.878
178922176 0.478
71087978 0.000
399759273 0.081
284196481 0.002
259588853 0.000
283676312 0.299
248650897 0.829
424993588 0.574
281630367 0.004
415335201 0.221
167723140 0.177
350564299 0.059
457175017 0.558
356753408 0.046
393749821 0.045
468889147 0.001
373312745 0.000
399618432 0.096
373261276 0.032
260353710 0.000
300811046 0.000
332646704 0.019
150166711 0.012
468886964 0.838
269855677 0.029
284674062 0.227
30314970 0.001
30405551 0.001
373452298 0.922
213069386 0.001
150360599 0.002
32641240 0.064
59039304 0.516
71013494 0.000
231808882 0.387
31054516 0.001
432610011 0.168
436571869 0.077
245834835 0.537
436578143 0.614
362027102 0.000
663260 0.000
306830067 0.041
43785592 0.000
373451486 0.747
468877985 0.954
442894101 0.001
293271134 0.009
49936581 0.107
306777222 0.000
425158714 0.000
271697558 0.001
9148237 0.212
11164160 0.104
372900344 0.383
436566200 0.092
365553829 0.513
152372669 0.000
298904059 0.469
453837644 0.880
283625376 0.857
364393023 0.000
389169894 0.553
350434368 0.168
436677605 0.009
176377131 0.333
407998427 0.834
293345700 0.002
415367677 0.131
245858352 0.908
59085391 0.431
350821546 0.000
365512590 0.623
415410239 0.394
452768114 0.132
450062985 0.204
1399871 0.080
325686682 0.000
452783247 0.930
442960050 0.291
231303770 0.000
238914459 0.003
303601147 0.077
455094173 0.379
415339260 0.116
71025571 0.001
425176001 0.311
464813445 0.398
245936201 0.004
370226702 0.000
455072436 0.246
248614879 0.001
364588668 0.000
278825432 0.000
242944296 0.809
436727528 0.172
213045698 0.257
9114202 0.064
349972464 0.077
345450334 0.742
396944263 0.299
432609926 0.362
307998760 0.000
455029126 0.502
415477243 0.085
358289981 0.001
309623987 0.097
9148992 0.000
9264974 0.189
399726590 0.510
373053017 0.303
370326860 0.000
38877751 0.003
436732097 0.115
142013714 0.127
406498762 0.000
29761368 0.000
457219859 0.570
373102178 0.087
31601301 0.001
457202719 0.072
30928630 0.038
450089747 0.209
449100596 0.008
350841217 0.000
468888772 0.832
408112058 0.846
262463194 0.353
459952353 0.112
454191590 0.847
423808338 0.000
436643626 0.383
436640356 0.648
33732791 0.284
436612693 0.788
452786181 0.297
448806861 0.245
284727062 0.314
9296368 0.001
401945384 0.000
407993811 0.942
397123036 0.562
24702561 0.485
269763064 0.001
332659803 0.001
284704575 0.540
434228875 0.370
169485249 0.000
298906431 0.630
248396190 0.020
245914455 0.591
245944398 0.000
284726969 0.340
150063171 0.000
450050299 0.191
248691645 0.379
365512823 0.661
415388515 0.089
141870891 0.017
436652910 0.143
43606451 0.000
415476430 0.048
167896877 0.083
77702144 0.021
269723780 0.665
245936951 0.628
269055186 0.375
306930101 0.000
287495203 0.000
167724864 0.000
452764929 0.087
389122320 0.602
358111567 0.139
435336653 0.006
283602251 0.093
245793900 0.239
435880111 0.387
464751960 0.079
374828898 0.075
436643828 0.485
459908343 0.074
349646524 0.000
167654878 0.000
306826020 0.031
416805720 0.000
452783202 0.407
260416664 0.087
349275813 0.039
114956566 0.001
244204860 0.000
43529213 0.002
170806239 0.000
426054437 0.120
373317826 0.286
59039093 0.082
242969048 0.164
415369365 0.002
242883411 0.596
283610229 0.575
67745035 0.000
141000703 0.000
139825984 0.023
4069906 0.884
345458131 0.432
389170051 0.004
269695154 0.030
464770020 0.107
456893659 0.444
449052111 0.403
450084243 0.019
279213558 0.000
416838177 0.015
436572709 0.000
59206767 0.009
373029485 0.420
436701619 0.732
245831903 0.611
55402528 0.000
389042819 0.542
260540128 0.001
373030400 0.274
454185218 0.380
373189625 0.131
140580561 0.028
139667437 0.000
308545738 0.000
389008361 0.071
432609934 0.000
365460401 0.138
13345794 0.012
664814 0.001
38015408 0.000
416839466 0.022
423810582 0.027
442929194 0.713
169552254 0.046
298981762 0.244
450098737 0.665
298985728 0.000
425159244 0.084
138760431 0.007
364328010 0.000
432610012 0.300
169530814 0.000
408110891 0.514
373244127 0.428
38811818 0.011
306823761 0.840
9236329 0.023
269116797 0.030
401928097 0.845
436583751 0.561
176958082 0.001
450065262 0.141
70598797 0.075
399868088 0.220
272355982 0.021
450052262 0.056
365458947 0.000
279484657 0.001
262434294 0.255
468912257 0.448
299065973 0.000
459932081 0.118
260659573 0.000
114921576 0.060
24530863 0.043
373314342 0.000
169551297 0.828
245914360 0.317
399786460 0.694
284794621 0.066
453829726 0.000
416741712 0.217
70913338 0.785
140969552 0.068
373109671 0.495
345411965 0.002
245820575 0.390
436569990 0.961
349569023 0.896
399787203 0.692
389019748 0.395
389922504 0.000
177032797 0.000
407944200 0.268
452764824 0.607
416838501 0.115
33717352 0.000
219205061 0.084
300086280 0.108
381924708 0.000
245794429 0.687
365553815 0.469
415512257 0.944
358183783 0.000
358458913 0.001
306930325 0.024
139553377 0.022
425161851 0.000
302008319 0.016
404934212 0.001
389081746 0.013
449144706 0.877
149249676 0.003
349061518 0.833
269114379 0.362
442896712 0.384
464770165 0.811
345480824 0.716
339632976 0.000
408115554 0.108
372954354 0.210
349158993 0.045
415438800 0.001
245937799 0.654
299897992 0.000
59091144 0.000
373315636 0.090
442895117 0.000
281583545 0.003
452813885 0.190
41260686 0.042
248655151 0.087
213067670 0.087
149626496 0.000
245826852 0.030
455033174 0.032
249029356 0.000
30947167 0.000
245895721 0.054
372816629 0.000
141810395 0.034
298982825 0.916
455064361 0.500
436724838 0.757
436706032 0.828
38014265 0.044
283792916 0.105
149039372 0.000
401928101 0.838
303680843 0.931
287495208 0.000
284729890 0.943
416837792 0.812
38690140 0.317
270426859 0.000
436660952 0.009
245904353 0.000
448892859 0.020
392024990 0.000
242985647 0.016
396975676 0.200
213078326 0.245
245897645 0.042
396863276 0.553
381459117 0.952
356741723 0.056
434233964 0.939
38694167 0.000
408114459 0.204
139701654 0.120
167811392 0.034
415442786 0.268
249041161 0.469
373025801 0.564
450098741 0.930
415389672 0.788
250169319 0.051
399669246 0.117
279454712 0.648
34147805 0.253
450101273 0.002
139753541 0.000
59002728 0.500
401943871 0.572
34363164 0.001
55405581 0.000
436592058 0.172
59002854 0.003
391924973 0.004
373489881 0.000
408112632 0.075
373107446 0.648
319467004 0.007
260503685 0.000
283628525 0.935
283864254 0.072
381950094 0.000
415410626 0.228
468903341 0.450
373262715 0.006
142084865 0.000
373189381 0.475
269724595 0.104
177161450 0.000
117732330 0.001
293770543 0.278
396927101 0.381
245822201 0.776
445916261 0.892
374826917 0.170
389136366 0.000
30998992 0.448
436640351 0.541
149346760 0.000
244216745 0.002
7698986 0.029
464776251 0.286
67773052 0.001
121596183 0.000
373140037 0.032
450066968 0.091
245904076 0.108
455033249 0.000
284861778 0.534
436663534 0.093
149970820 0.006
260972810 0.160
399967875 0.840
13912543 0.889
269075244 0.444
140858211 0.000
262610010 0.001
455006558 0.280
59130661 0.347
432609768 0.551
306573788 0.000
117628713 0.001
459960657 0.065
459974592 0.091
426588758 0.405
464803306 0.145
436633007 0.000
307642754 0.000
9358816 0.946
450095296 0.152
311093051 0.463
415397627 0.108
399818887 0.113
408075120 0.095
450086329 0.917
55782008 0.004
256837358 0.538
373191246 0.045
373245804 0.001
454146855 0.229
38907808 0.000
249073885 0.105
255567856 0.066
55488476 0.061
436562702 0.629
306505868 0.000
10996508 0.884
213079844 0.000
454159586 0.583
166975710 0.040
38693439 0.000
306577424 0.000
149975427 0.000
38678989 0.000
311127643 0.000
262526400 0.053
415335284 0.165
167338346 0.000
198012054 0.098
445932099 0.008
260638166 0.002
287329674 0.000
450062969 0.662
436722209 0.846
468902403 0.029
350862402 0.000
436730005 0.547
34235755 0.000
9176294 0.708
244211024 0.012
245794560 0.639
365458952 0.001
283624049 0.318
7391717 0.001
373242884 0.252
402146860 0.000
348663653 0.213
468888314 0.797
454141694 0.273
168850949 0.000
300160216 0.000
449100593 0.062
401947087 0.773
373415574 0.291
56186662 0.298
339670246 0.000
245898774 0.214
408076694 0.000
373134602 0.057
307026853 0.609
231305442 0.000
244215743 0.000
350344997 0.000
34165429 0.209
245936369 0.685
416761825 0.183
149570292 0.001
436666049 0.065
300655160 0.007
681252 0.000
250197123 0.196
262527042 0.051
454114706 0.399
373140791 0.710
396934735 0.511
21620271 0.091
426589025 0.493
373313801 0.149
40412372 0.017
303680847 0.965
306826878 0.000
425213944 0.395
249034419 0.363
457175517 0.846
178215045 0.012
309717510 0.107
269629249 0.298
450083932 0.496
93103581 0.106
457227385 0.437
249035192 0.170
459960441 0.772
306740649 0.001
373026324 0.885
373386161 0.389
143336840 0.274
250199572 0.001
436590939 0.837
117646355 0.742
245821401 0.446
306508359 0.004
178871468 0.000
43452221 0.619
436654614 0.000
34105193 0.284
459899282 0.001
44790500 0.001
399696309 0.365
436571246 0.700
43645726 0.000
255590676 0.087
452817130 0.306
468887799 0.727
345453756 0.132
284864200 0.000
55454638 0.246
415556318 0.050
436675831 0.462
373207384 0.537
24446738 0.069
284675898 0.024
459913328 0.259
260239265 0.000
167203938 0.000
260635442 0.047
167554684 0.000
381975513 0.052
167338355 0.000
11161614 0.467
464834710 0.273
283721753 0.119
138775318 0.000
306900946 0.000
350764887 0.016
260503865 0.035
168633881 0.005
454144529 0.000
31196748 0.000
464782531 0.200
250199573 0.001
436587544 0.946
464779405 0.377
365551545 0.011
11051767 0.569
300086950 0.028
245826592 0.000
436586405 0.567
303768068 0.975
373308594 0.289
271900941 0.001
389047038 0.288
10001580286 0.613
9172892 0.647
358461169 0.431
307571751 0.004
59086751 0.673
294092185 0.002
459953391 0.000
242985510 0.654
436633054 0.673
389135400 0.173
372954107 0.000
436662771 0.353
407992712 0.082
250168078 0.692
450028907 0.098
11166954 0.587
349304809 0.000
178274558 0.150
271575721 0.000
9344256 0.000
9176302 0.835
393030785 0.748
332660583 0.342
11050843 0.884
284727344 0.158
436636412 0.775
272236579 0.000
245799500 0.333
332581507 0.785
453829248 0.849
416839207 0.529
284731243 0.169
245787609 0.430
250136148 0.000
445930020 0.420
445919373 0.872
450105030 0.611
249027275 0.118
307575988 0.000
9113079 0.174
399726991 0.829
350932883 0.093
415438952 0.009
9235686 0.881
415370287 0.054
248620044 0.842
60861710 0.276
150166721 0.001
294271676 0.002
284729177 0.001
452764528 0.604
389567330 0.000
407965150 0.807
9146606 0.175
250137051 0.548
245911863 0.115
250160194 0.004
248685697 0.008
303762855 0.008
345482340 0.000
303759741 0.062
436635454 0.562
415479296 0.128
117938863 0.000
373415577 0.313
401945732 0.891
245858343 0.480
262410913 0.305
219172342 0.000
293509384 0.921
167722679 0.000
436705412 0.554
10002520310 0.569
283752641 0.642
37902293 0.215
456888210 0.003
245798244 0.369
245864566 0.452
333677246 0.228
455008796 0.000
4012119 0.126
399701437 0.064
373415821 0.999
245950305 0.917
373420210 0.896
260242799 0.001
300240946 0.000
167306850 0.036
150166733 0.002
457201486 0.268
452749710 0.009
262299128 0.060
454157745 0.230
179123883 0.001
325686691 0.000
303767299 0.061
396945009 0.722
397122400 0.848
345583003 0.443
189015811 0.298
399697011 0.096
283678259 0.891
283632020 0.908
245911105 0.663
389043485 0.390
38875912 0.342
255593823 0.090
373030167 0.502
372994473 0.715
345412168 0.120
279056282 0.001
220473309 0.195
149666169 0.000
238914377 0.155
436573716 0.215
311241295 0.559
373139954 0.403
70599042 0.586
262302994 0.573
356880915 0.031
231305628 0.023
459946252 0.613
450045504 0.154
244244967 0.000
30195245 0.121
34237625 0.154
407998915 0.023
316835573 0.008
356789173 0.342
452768376 0.168
245828426 0.933
298771014 0.000
283722229 0.756
310132897 0.000
434226408 0.747
459972891 0.007
11163157 0.563
300089298 0.818
373384996 0.278
349483401 0.000
283911591 0.272
426589027 0.693
350442570 0.000
38846477 0.000
34200290 0.047
415443603 0.773
59133102 0.802
311239569 0.614
311127292 0.797
372852067 0.102
70901672 0.048
381458003 0.913
245859212 0.115
442965857 0.558
260474194 0.002
149215262 0.000
457223569 0.009
307710761 0.003
432614107 0.773
293612762 0.913
349310393 0.000
459916780 0.153
307162607 0.000
454118371 0.872
308663545 0.000
345453757 0.312
373366263 0.079
248472555 0.354
454184828 0.000
349676780 0.054
399699504 0.561
464769407 0.062
450078695 0.552
220476761 0.046
432609771 0.363
169451163 0.186
60877981 0.094
9341194 0.860
381975186 0.000
434261463 0.238
434160035 0.001
71088298 0.703
31175796 0.032
459960443 0.686
425162526 0.178
436645203 0.655
389436393 0.000
452789605 0.151
457175014 0.361
293700373 0.692
350583043 0.441
450058063 0.540
77208572 0.838
300937923 0.014
364542654 0.000
245833001 0.812
454118026 0.001
284796252 0.108
373208206 0.495
459946262 0.410
176362272 0.000
152376220 0.176
43530671 0.930
245789245 0.183
300710255 0.000
450062208 0.693
445921630 0.030
283749380 0.165
168674140 0.001
450099091 0.552
452750961 0.000
416744298 0.081
468902947 0.008
434131595 0.856
298986208 0.646
350711193 0.000
436732958 0.987
43533784 0.003
283606318 0.096
269630327 0.000
56099207 0.055
415406327 0.782
300937920 0.013
70990817 0.000
459911591 0.633
399619993 0.037
168850953 0.000
457192424 0.524
303767426 0.547
169379055 0.000
453837257 0.111
100529462 0.000
142147924 0.000
461720010 0.156
358154128 0.000
455064890 0.502
283677510 0.069
348773723 0.000
293701900 0.296
150357282 0.137
245941621 0.492
454149677 0.195
415390936 0.347
283748415 0.002
293271131 0.014
399868498 0.459
459898838 0.377
32151895 0.030
141627887 0.027
300811059 0.001
450082421 0.006
38940338 0.000
176956266 0.000
435918314 0.818
250171676 0.000
269695923 0.755
349972202 0.005
242940058 0.549
436590915 0.365
303678183 0.186
450080779 0.670
9431851 0.235
242982090 0.132
141979627 0.000
307085486 0.000
436648496 0.954
397014759 0.150
284786745 0.012
436632695 0.369
307162600 0.000
391890469 0.022
306573785 0.000
434128113 0.414
245798113 0.891
435920986 0.386
396945400 0.141
455093262 0.203
269724880 0.817
399758390 0.116
43762588 0.943
149989152 0.035
32548224 0.000
333676209 0.000
262504952 0.415
242883427 0.856
262436851 0.121
301784596 0.001
146323849 0.042
373110267 0.000
453831334 0.137
468886303 0.834
454113396 0.613
468879061 0.648
255753893 0.000
177016713 0.056
464799216 0.684
167555046 0.001
397064797 0.000
262327429 0.340
415331839 0.064
262504948 0.120
298956119 0.208
71107089 0.000
31283099 0.002
436616385 0.517
44647908 0.001
283867878 0.134
372955403 0.797
149901365 0.000
260044194 0.001
407964591 0.002
38811814 0.021
364324927 0.022
436653957 0.000
248407516 0.638
9112180 0.162
464811623 0.125
9160620 0.344
167042060 0.037
298814108 0.491
260540404 0.000
283721327 0.887
365508272 0.488
436573207 0.091
37907613 0.013
345538925 0.078
365465041 0.842
464809716 0.000
93128749 0.000
457161716 0.170
293615086 0.680
445927876 0.227
245827357 0.721
468910719 0.000
436573228 0.905
306472746 0.000
399754304 0.000
307439602 0.000
283571373 0.071
229085466 0.001
435340048 0.043
1528010 0.000
415368203 0.514
121707299 0.141
244204858 0.000
176381359 0.157
245895754 0.370
308919991 0.001
396945546 0.003
365463298 0.054
260541617 0.018
283677124 0.107
345583587 0.465
269763791 0.140
30761327 0.263
31196749 0.000
373207411 0.175
450061894 0.553
396862457 0.225
245799457 0.053
401968179 0.225
41593383 0.000
373491985 0.001
55555246 0.000
169379054 0.000
450082129 0.252
278779186 0.000
139442766 0.002
452772246 0.756
250158333 0.569
399872330 0.849
372995568 0.881
373031865 0.046
332533154 0.655
455033100 0.623
9264134 0.907
348842874 0.000
150323305 0.032
169554491 0.023
244278560 0.000
260983248 0.079
37990224 0.000
459935660 0.599
399816478 0.039
407992066 0.200
4008911 0.815
284702449 0.479
293636162 0.176
408235312 0.000
436563796 0.377
146441268 0.001
455070617 0.000
401946803 0.904
188986530 0.000
456889021 0.150
445922816 0.118
442921260 0.000
349972151 0.001
454115793 0.633
177354209 0.000
59127833 0.067
94990340 0.513
169397217 0.006
34199903 0.206
426055856 0.001
248996625 0.000
149971875 0.002
114922438 0.000
454151628 0.116
468891490 0.258
450105141 0.680
333659995 0.000
269724248 0.000
245944687 0.114
55488480 0.177
450079453 0.001
345481979 0.465
452794408 0.485
55368387 0.000
349785694 0.000
269696079 0.000
11047296 0.126
269078949 0.051
448892869 0.007
213106739 0.004
356741384 0.001
307027638 0.000
373314601 0.495
13256466 0.000
345452651 0.059
245798236 0.535
177016722 0.057
457196645 0.460
59038728 0.379
450089001 0.873
426054241 0.478
373381613 0.200
420963642 0.001
238203070 0.001
31531884 0.000
416802882 0.004
279955324 0.000
450093991 0.456
399621701 0.903
373026837 0.729
345536057 0.109
279949157 0.036
56184374 0.000
434238050 0.234
71109166 0.016
9159434 0.373
454114275 0.892
356876688 0.311
309401421 0.000
308543624 0.005
308919069 0.000
31051254 0.486
245902998 0.205
407963159 0.931
459937202 0.001
436706411 0.000
399868594 0.000
30720004 0.072
407614501 0.006
248437685 0.615
464804122 0.000
307488086 0.001
34183663 0.006
333679263 0.645
453831153 0.000
146520485 0.000
38050053 0.000
150428808 0.000
396897019 0.660
450098282 0.011
141621291 0.078
300446041 0.000
278825715 0.145
70962499 0.076
11101224 0.316
431383389 0.738
279957401 0.310
436648541 0.562
364323782 0.001
149250828 0.005
177018609 0.001
372909060 0.999
372816958 0.000
269075045 0.296
373311153 0.454
457223988 0.296
425175115 0.051
445932246 0.382
249032160 0.002
452818429 0.000
436587539 0.086
436632023 0.145
141866665 0.041
176960167 0.001
260355694 0.005
32093154 0.000
399725551 0.229
262327423 0.212
245898718 0.825
398800988 0.000
408008028 0.254
306505253 0.366
243010651 0.512
450092034 0.814
249026905 0.131
299065830 0.030
373417607 0.503
464779084 0.909
300512130 0.000
399667377 0.480
333679258 0.753
142084867 0.000
456865473 0.714
373432787 0.038
399758595 0.630
139635206 0.142
284862777 0.191
373028485 0.848
420962953 0.000
160141440 0.000
416836347 0.072
100589273 0.015
307440877 0.000
248650698 0.353
381977181 0.000
401943888 0.010
10996510 0.292
436663203 0.136
370226981 0.000
11166967 0.415
464834271 0.186
245905193 0.001
452770713 0.315
319312099 0.000
449100697 0.544
408076689 0.000
