445966408 0.011
349522659 0.008
24608081 0.001
25642741 0.000
123553895 0.000
32948093 0.079
282806035 0.000
7390722 0.005
40411444 0.022
281234420 0.011
260416664 0.098
302680451 0.000
167719767 0.366
231810777 0.000
234840929 0.000
50527567 0.000
220403859 0.000
33470594 0.192
279992108 0.000
271696326 0.081
34259908 0.000
29988657 0.000
265808553 0.163
78569143 0.001
79134367 0.001
234715243 0.000
232228243 0.060
436158184 0.000
119247073 0.000
302902063 0.000
119374683 0.000
238074335 0.122
232280071 0.000
127054207 0.012
443129764 0.000
271550131 0.000
47852936 0.000
39838995 0.000
93025241 0.000
147477352 0.000
276664214 0.213
156736412 0.000
339960160 0.001
229386492 0.025
220413318 0.000
255754686 0.000
35410043 0.000
155144190 0.000
134310950 0.000
63199145 0.000
78738195 0.000
445260619 0.001
255744160 0.000
92010738 0.058
172736507 0.005
427395157 0.020
308065075 0.016
308570939 0.069
442960471 0.294
237563622 0.000
127229631 0.216
278990489 0.002
235500575 0.000
52389634 0.000
293268009 0.010
234717263 0.000
372493733 0.442
24772756 0.000
427394797 0.130
293846288 0.299
123553905 0.000
438004680 0.000
119062863 0.000
156386604 0.894
445146369 0.006
80575088 0.056
382247545 0.004
42767936 0.001
156814559 0.000
72340291 0.084
247666164 0.018
290044555 0.044
317800474 0.001
200516234 0.000
364395234 0.026
282808202 0.016
32548224 0.000
91605946 0.015
80836839 0.001
100589895 0.036
71915647 0.029
264461753 0.301
156146831 0.000
39724477 0.036
260297394 0.037
232300874 0.016
443311654 0.000
306829659 0.000
281049237 0.375
89189825 0.022
92989151 0.003
157455051 0.000
124383043 0.003
339729832 0.046
279995531 0.000
149499667 0.000
229193977 0.046
263683561 0.000
251264970 0.166
437902259 0.077
235147919 0.000
294121664 0.777
238020967 0.000
143172897 0.000
279899841 0.051
47763223 0.008
52556780 0.001
300382992 0.021
235122151 0.004
443311680 0.000
96990524 0.001
269274501 0.167
12350004 0.000
263579080 0.000
177017182 0.000
235171199 0.000
25581113 0.000
287489023 0.000
202146724 0.014
124081217 0.001
436243320 0.000
443123272 0.000
434407816 0.089
234882195 0.212
59475486 0.015
167117513 0.013
52114758 0.001
155464892 0.039
52556769 0.001
319434830 0.000
294159773 0.067
42176102 0.053
302615824 0.000
279091691 0.004
317186747 0.000
438007421 0.339
55388954 0.001
72420394 0.698
25640375 0.127
66686232 0.001
167163980 0.001
63047271 0.000
284995959 0.025
52318598 0.000
350335633 0.017
438215704 0.007
443544086 0.088
207043116 0.003
438113178 0.078
80596581 0.000
37917044 0.000
283205689 0.000
124102972 0.007
71970651 0.000
42766870 0.000
97278349 0.040
421836683 0.119
234711320 0.081
59214105 0.788
143079692 0.000
382190129 0.000
148186823 0.000
346314454 0.000
229176504 0.984
47501010 0.758
91923513 0.122
124081215 0.001
220196527 0.966
293993627 0.001
445266466 0.001
306695173 0.002
235106917 0.004
46365985 0.000
167327171 0.265
282095775 0.012
123555609 0.206
235279727 0.123
255633175 0.009
100479931 0.144
143143105 0.001
220028547 0.000
235233236 0.984
172308091 0.017
438116042 0.053
124383049 0.004
235350577 0.000
53406423 0.001
272357486 0.007
220151384 0.021
278823401 0.000
278020315 0.027
124776014 0.000
34590563 0.002
349091379 0.000
436103141 0.000
279794983 0.000
307090914 0.000
344175085 0.000
438488769 0.185
339675323 0.003
206856644 0.082
32151895 0.107
148465126 0.071
119932857 0.002
37493872 0.006
290174015 0.766
322646991 0.000
443132881 0.000
33743771 0.000
234673605 0.001
340065182 0.000
238897690 0.001
52111995 0.117
24359224 0.007
427451011 0.037
34392932 0.000
261107133 0.009
235383806 0.001
167119317 0.000
61341428 0.221
349571409 0.070
255686833 0.004
443315014 0.111
176936360 0.001
287323400 0.000
43241389 0.000
234056979 0.000
139370190 0.000
207051934 0.000
234757160 0.000
247520155 0.002
307030565 0.000
55786510 0.057
50584613 0.000
265805583 0.116
156988415 0.000
199913679 0.009
445943823 0.021
170207928 0.000
52810888 0.001
78742111 0.000
35831848 0.055
235445183 0.021
53172621 0.000
340058336 0.108
142667491 0.089
263579087 0.000
235410011 0.000
201510740 0.104
77896062 0.150
89291107 0.435
79865548 0.000
151584725 0.056
59278171 0.088
142666776 0.000
410869641 0.000
142050157 0.000
123552213 0.000
157458134 0.069
151062099 0.103
134193472 0.000
91925782 0.189
388129029 0.000
260639986 0.096
307783309 0.000
287590929 0.185
42766887 0.000
382029115 0.057
14175541 0.000
282503704 0.130
34434915 0.000
235167688 0.018
140569666 0.000
438047114 0.145
237498416 0.000
147947634 0.019
53561704 0.977
147260714 0.041
237392494 0.000
301485937 0.000
143183944 0.153
247914338 0.006
138939511 0.466
279092244 0.000
279055045 0.080
143335601 0.000
410447093 0.050
140974951 0.083
147905911 0.102
59547386 0.843
233980690 0.000
410899755 0.000
434376341 0.014
155359574 0.016
78112372 0.001
179318071 0.000
60240482 0.001
279250728 0.125
156146836 0.000
199963990 0.022
280534658 0.426
60481873 0.000
317186745 0.000
66738348 0.038
237392499 0.000
306690907 0.007
299732665 0.000
438542850 0.001
60240493 0.001
147042495 0.000
333343594 0.080
372493789 0.005
53685428 0.001
234715232 0.000
255636170 0.000
238026918 0.000
437888659 0.008
67043256 0.003
231961741 0.000
167760007 0.005
119409618 0.000
317414878 0.000
172308062 0.000
282094678 0.000
49774041 0.246
173088250 0.004
445150264 0.000
167117531 0.003
12345505 0.001
445966573 0.000
287994863 0.000
220274043 0.000
34376341 0.000
53077568 0.001
317132858 0.000
247671866 0.077
452374712 0.001
317186753 0.000
302827599 0.214
234211934 0.006
369515324 0.001
438287195 0.000
369594900 0.000
307242181 0.103
436536378 0.332
100589500 0.000
267195496 0.001
349571411 0.068
35410016 0.000
337267798 0.017
278823399 0.000
140378363 0.001
172199637 0.006
139585397 0.000
157455072 0.000
317186760 0.000
436098294 0.000
47643047 0.095
235260738 0.559
339632984 0.000
263807106 0.018
34079393 0.000
365846552 0.000
156812788 0.000
332973517 0.003
234715280 0.000
387225893 0.083
265624874 0.001
37300889 0.101
232015940 0.000
172027998 0.118
37404312 0.712
34196883 0.800
339889614 0.000
247671871 0.029
280701238 0.001
60120938 0.000
238932605 0.291
282806042 0.000
386196808 0.003
234717235 0.000
302896797 0.005
156505928 0.290
374861869 0.000
237718950 0.000
20070815 0.000
436243319 0.000
279478272 0.012
167895271 0.000
124324405 0.031
53458000 0.000
282105834 0.001
237494355 0.000
157405780 0.000
302671855 0.410
282806036 0.000
201433628 0.000
280293206 0.000
307812643 0.105
31926340 0.000
237392492 0.000
42635955 0.290
148463101 0.001
52974502 0.000
7391717 0.000
293271131 0.005
24611596 0.000
32928902 0.000
143175357 0.000
220203452 0.006
438529050 0.000
235441413 0.000
147765439 0.000
42766863 0.000
220066361 0.000
142667513 0.091
36094122 0.001
10001776902 0.000
60488913 0.000
167750686 0.034
219207429 0.000
235267378 0.025
349764466 0.002
434319847 0.233
387151386 0.252
199885115 0.001
438010173 0.039
349572805 0.608
160301489 0.186
443383422 0.014
55399944 0.078
229292807 0.000
88920695 0.967
438488803 0.076
220066341 0.000
255559405 0.081
192829378 0.000
53421164 0.212
52509495 0.000
55760805 0.000
96581900 0.000
237463704 0.000
247828523 0.000
233981085 0.000
375092714 0.000
100589501 0.000
235285549 0.040
48398690 0.055
153407035 0.063
143231731 0.000
443160637 0.154
237829447 0.000
34551264 0.000
237718939 0.000
156837333 0.000
308248276 0.006
220280951 0.012
142521768 0.000
386423826 0.006
60240484 0.001
53172615 0.000
160180216 0.002
89197589 0.001
272551597 0.098
91869365 0.036
176728861 0.000
229356473 0.000
443132884 0.000
247828207 0.147
235384866 0.044
148093382 0.035
301704212 0.004
53120749 0.425
389859994 0.001
349972151 0.001
294329901 0.001
434306024 0.127
369671062 0.001
365745395 0.036
425070236 0.135
124919025 0.028
438077600 0.023
434290034 0.008
284201497 0.001
290174005 0.668
20070806 0.000
438490384 0.000
234227127 0.000
434322929 0.007
47594934 0.011
437888650 0.006
36008108 0.032
78684270 0.000
11904115 0.000
438363439 0.126
173085933 0.000
237633219 0.082
306914628 0.001
199962793 0.021
237561184 0.067
358511986 0.000
95053069 0.000
235107354 0.001
443129785 0.000
130619430 0.019
350333956 0.000
119358109 0.000
36988624 0.913
59775131 0.974
299277955 0.174
229352734 0.000
36438533 0.028
442927821 0.006
32870095 0.001
436098974 0.000
71631072 0.002
266191612 0.001
278862770 0.000
151356230 0.209
308388712 0.000
138828336 0.124
36219779 0.104
52001603 0.000
349923715 0.021
79133570 0.016
388920304 0.000
134358266 0.000
119332739 0.003
33420441 0.000
436620236 0.000
350442586 0.000
34137874 0.000
59615947 0.094
309613808 0.106
299562553 0.095
349091377 0.000
438116017 0.133
436098295 0.000
284195943 0.047
153615758 0.669
293992492 0.097
47348596 0.041
278862772 0.000
91869797 0.043
319563863 0.087
156383475 0.000
294269733 0.044
119442174 0.016
151232372 0.190
271696329 0.123
436626494 0.000
67201592 0.001
143182215 0.003
260606661 0.007
155461416 0.045
41332491 0.000
282118886 0.000
308384747 0.072
146990994 0.000
42168370 0.016
63199126 0.000
200591809 0.037
79874404 0.002
153183291 0.015
220475245 0.034
238098401 0.000
461705847 0.120
300115605 0.000
151516252 0.003
232172261 0.000
43083929 0.001
60240492 0.001
247517839 0.000
42993546 0.001
41112107 0.049
293347970 0.126
443080377 0.000
149666169 0.000
387682808 0.337
232167849 0.000
283096556 0.011
47340020 0.000
388202434 0.000
120454792 0.000
375179819 0.000
437982082 0.035
120326992 0.002
317721008 0.006
206853756 0.095
238916801 0.001
167364861 0.078
270427135 0.047
247796329 0.999
123570128 0.000
21437385 0.000
235500595 0.000
156283570 0.237
317548376 0.000
41087940 0.000
96581930 0.000
123552220 0.000
438430414 0.001
95336272 0.014
37090456 0.611
282396549 0.000
220194018 0.002
333343597 0.061
55449989 0.023
100759173 0.001
280292434 0.024
20070808 0.000
102280395 0.004
234609765 0.000
91922289 0.000
387689773 0.287
290052135 0.000
124103031 0.003
177255933 0.000
150437899 0.000
46368248 0.001
387225859 0.137
157455064 0.000
282107162 0.039
124748618 0.047
120616425 0.000
333623227 0.000
250467801 0.002
170207938 0.000
123892847 0.134
120019381 0.000
146990981 0.000
434379941 0.049
156987168 0.003
149248193 0.000
48176862 0.080
231193363 0.000
308496364 0.063
265715470 0.000
147765279 0.000
156290560 0.086
281915712 0.068
124986944 0.106
370227459 0.000
302862145 0.045
269203073 0.118
147800346 0.000
438430392 0.001
149630673 0.000
158694648 0.113
317875405 0.000
95403505 0.014
339632976 0.000
177075794 0.043
346706375 0.000
434316286 0.108
385813817 0.056
358111553 0.096
282518190 0.000
96803671 0.023
434311022 0.076
237557054 0.000
177018607 0.000
235456714 0.114
63199140 0.000
437990571 0.621
97640328 0.005
139674347 0.047
78742061 0.000
134196519 0.000
445938328 0.478
91932204 0.000
134546827 0.000
60172440 0.583
242128030 0.000
272431534 0.040
119374680 0.000
142521797 0.000
92845908 0.053
55399950 0.068
234259759 0.000
52915490 0.000
14221836 0.034
118655828 0.000
350713885 0.064
153096567 0.098
235397379 0.227
42765764 0.000
37603478 0.000
238060552 0.000
150437348 0.028
232053448 0.000
172736211 0.000
52112100 0.076
302532805 0.000
237969920 0.000
265708224 0.005
229304805 0.000
49080528 0.000
279428463 0.001
235073221 0.000
282618830 0.001
281927925 0.137
52318597 0.000
237804496 0.000
444953274 0.000
263581597 0.253
300939608 0.016
220028542 0.003
234666563 0.492
350434355 0.000
156429596 0.001
34321577 0.003
281927472 0.061
80836852 0.001
138828326 0.123
231348561 0.001
369671057 0.001
59349221 0.001
101202614 0.003
52322808 0.015
437888616 0.044
142667501 0.093
147765281 0.000
317414885 0.000
177313148 0.002
60240490 0.001
151356219 0.310
294873015 0.000
231722666 0.028
33879056 0.134
349972148 0.001
138899652 0.003
438430380 0.001
59765843 0.967
59475482 0.077
124383039 0.006
67043250 0.008
282032935 0.059
317329622 0.001
234224409 0.000
167893523 0.001
53172641 0.000
78568256 0.001
199913471 0.370
21442712 0.000
42766914 0.000
119409609 0.000
119364133 0.065
91603160 0.029
294397304 0.003
119292600 0.000
11355200 0.110
147948685 0.026
220027687 0.064
238098403 0.000
200321730 0.000
265256523 0.001
53172629 0.000
38683200 0.084
229292798 0.000
144616262 0.090
36438579 0.911
134358511 0.000
293271134 0.004
382436657 0.000
35951962 0.000
229177063 0.000
192832338 0.268
232222475 0.000
306331573 0.000
134434853 0.005
333615630 0.000
167696705 0.000
234070324 0.000
279478266 0.003
148316107 0.262
67262876 0.181
234878084 0.142
52661343 0.000
148401453 0.000
97714402 0.381
118790673 0.000
306472426 0.000
155536712 0.283
282399946 0.000
59214038 0.913
150437904 0.000
461711273 0.158
235441405 0.000
438216610 0.632
59349222 0.001
300145870 0.103
438107815 0.873
120445038 0.000
206883949 0.061
53680617 0.863
282204836 0.477
307125047 0.000
156190463 0.016
336879155 0.623
157458136 0.175
349090525 0.000
235345281 0.004
344140104 0.000
452376014 0.000
403694550 0.000
272551599 0.101
235544862 0.078
124691511 0.000
157243192 0.233
358397062 0.012
247866794 0.008
80602803 0.011
365695802 0.000
148339816 0.009
66526247 0.008
350841994 0.011
153124685 0.210
47347963 0.103
370038910 0.087
53120719 0.078
63199123 0.000
220274029 0.000
235074949 0.000
237540937 0.000
457250315 0.000
34320297 0.003
144498593 0.021
11196470 0.589
172782915 0.000
333343604 0.072
319563867 0.033
38707720 0.064
79865507 0.000
238034902 0.001
158091207 0.000
102573847 0.315
349192422 0.000
144485600 0.657
157049448 0.001
49547779 0.321
91608846 0.000
438048194 0.154
234673588 0.001
40973298 0.004
35410007 0.000
251287992 0.001
49614605 0.071
46559409 0.000
288067807 0.002
80660917 0.010
235264646 0.019
52318607 0.000
47988740 0.011
237505137 0.000
24460965 0.010
293225403 0.001
47340024 0.000
445950431 0.000
142108897 0.035
153406984 0.123
149497847 0.007
220416446 0.000
102213899 0.066
79689666 0.000
156146842 0.000
251181621 0.000
39720946 0.001
270427196 0.033
72557702 0.016
260474849 0.000
235280174 0.017
299732684 0.000
49610079 0.027
142521795 0.000
238064697 0.000
139480656 0.000
167548547 0.000
220224072 0.110
144610496 0.284
282351368 0.000
238063142 0.040
438043155 0.004
220298408 0.000
247564016 0.000
167969331 0.012
124032809 0.000
156988409 0.000
71625658 0.000
170207926 0.000
250485089 0.000
307030602 0.000
177078651 0.002
43083930 0.000
157091782 0.000
260608993 0.052
281495968 0.000
235290034 0.457
443461920 0.000
220274001 0.000
278825353 0.000
200540082 0.002
420962953 0.001
235066000 0.002
263694670 0.014
52665324 0.000
434304831 0.356
235116098 0.001
238044555 0.000
78564324 0.000
80660944 0.071
294121347 0.100
346490391 0.000
445966569 0.000
387715219 0.107
206793963 0.018
235306977 0.036
200006624 0.000
167896568 0.000
442928611 0.000
276664207 0.039
299732654 0.000
119161919 0.002
299967526 0.000
167163979 0.000
306333822 0.000
438430383 0.001
220147967 0.000
250587869 0.336
220027688 0.068
265805540 0.009
177179708 0.110
41172665 0.000
234725750 0.000
372852067 0.092
382190135 0.000
37662196 0.022
434396744 0.005
79535398 0.001
14219287 0.000
41260686 0.036
438214995 0.019
37083951 0.001
299835185 0.088
200052993 0.185
161614046 0.000
151584722 0.009
206677053 0.009
220129900 0.059
247871088 0.061
438542756 0.002
141282643 0.000
149250423 0.125
157342304 0.018
53234446 0.000
42766933 0.000
260304277 0.000
323421895 0.000
317800489 0.000
142144726 0.013
300327485 0.000
142086605 0.029
37300880 0.066
207049448 0.035
343862260 0.000
153687195 0.000
157660376 0.123
300653409 0.000
167656947 0.030
134227685 0.001
443254140 0.001
127188392 0.284
139675168 0.019
436620235 0.000
34853759 0.022
42766904 0.000
48950439 0.029
148463086 0.001
260239265 0.000
24451977 0.116
220062265 0.007
319560226 0.000
72424268 0.000
438412246 0.142
247828267 0.227
365781372 0.013
346706395 0.000
156736404 0.000
