364395415 0.000
349272936 0.000
200783315 0.074
260419838 0.000
200864266 0.000
270477575 0.177
328222978 0.223
7690016 0.000
328254555 0.000
150101175 0.000
364328019 0.002
294153025 0.000
368645107 0.000
422847569 0.158
167814455 0.011
278989427 0.000
300288372 0.000
381128723 0.122
377057062 0.002
176796828 0.000
349828014 0.161
120978021 0.000
350656449 0.000
44898218 0.022
38616579 0.008
38504316 0.053
377044653 0.103
261135983 0.939
30185831 0.000
381077559 0.601
391454254 0.000
308919053 0.000
270477715 0.334
7808834 0.000
89182162 0.004
35161204 0.002
260127849 0.000
347084737 0.393
160141438 0.000
91542943 1.000
198034327 0.000
270479510 0.466
251060948 0.000
167893515 0.003
387541813 0.049
149390708 0.015
141626908 0.000
309699870 0.001
382626142 0.000
358508507 0.000
149175965 0.000
231824094 0.000
153857118 0.009
279222544 0.004
271900697 0.114
404506147 0.080
92305434 0.000
141332114 0.000
259572490 0.057
423389045 0.192
38507937 0.185
166747690 0.001
92343456 0.000
55399944 0.078
30185811 0.000
270573665 0.006
365251769 0.011
308608001 0.000
349518633 0.315
200434455 0.000
219423818 0.000
140072115 0.002
420016608 0.040
387400571 0.049
453078812 0.032
387543264 0.369
261062085 0.013
422890100 0.425
260656150 0.005
7653028 0.000
439916671 0.296
391947333 0.000
257719889 0.000
219402900 0.000
170676336 0.035
422971522 0.005
178155030 0.017
97519459 0.007
150323306 0.037
179034629 0.000
388202434 0.000
278383709 0.000
382626120 0.000
142146329 0.083
66573459 0.355
146653844 0.053
161612369 0.000
98727415 0.085
439902137 0.000
300323424 0.000
38846471 0.001
200435424 0.000
306829955 0.009
139370190 0.000
406414480 0.000
419941572 0.034
387443558 0.174
10935532 0.010
152969866 0.000
365301214 0.202
308605165 0.044
219231444 0.000
318867720 0.448
152501935 0.002
13955794 0.164
9964373 0.531
198009290 0.000
38825444 0.006
231092502 0.039
30720004 0.147
93060031 0.000
308665260 0.000
382626122 0.000
381975502 0.167
278962897 0.769
280909671 0.016
260471761 0.003
420031102 0.100
306469923 0.000
321055651 0.000
306773033 0.025
36883123 0.000
311865216 0.067
38515566 0.001
260419840 0.000
209456580 0.169
293562863 0.376
7808832 0.000
318886882 0.445
308661229 0.001
308751545 0.000
92305437 0.000
31414007 0.033
272232473 0.020
167364861 0.110
348996409 0.001
260416664 0.082
7688806 0.000
44819768 0.000
358155580 0.242
38815423 0.035
410452361 0.013
261062086 0.012
425142455 0.009
294870020 0.072
170638050 0.000
391947332 0.000
177115815 0.046
382379293 0.435
380988006 0.738
306505868 0.000
140858211 0.000
358511986 0.000
251077178 0.000
77207091 0.000
422897231 0.016
219381996 0.000
387586807 0.042
41260686 0.074
382508760 0.000
166804787 0.000
49799890 0.001
141481180 0.147
251109722 0.007
260606104 0.003
274135778 0.018
340218583 0.072
439905541 0.003
358511966 0.000
77263123 0.000
340357681 0.000
209456578 0.068
279136614 0.000
293219177 0.000
279355526 0.146
300449493 0.000
337046316 0.118
439874878 0.001
178320218 0.000
387453550 0.014
38697367 0.000
350447083 0.000
350823981 0.126
88345481 0.000
259677461 0.197
7690025 0.000
93105827 0.000
63941536 0.007
279250728 0.133
150431451 0.000
168850002 0.009
129784812 0.000
389363777 0.027
332861899 0.235
328254556 0.000
281632117 0.000
65326750 0.232
293115818 0.136
328254564 0.000
325680697 0.158
347552576 0.359
382393417 0.001
41332491 0.001
349091359 0.000
350344997 0.000
141911356 0.025
270430636 0.031
55399950 0.085
141121650 0.078
348896094 0.000
382576964 0.000
349571409 0.038
300015831 0.000
318867896 0.028
349153325 0.000
279222298 0.159
257642801 0.089
364395402 0.000
368631369 0.452
271725342 0.000
25118300 0.001
309617153 0.045
350743904 0.235
144496759 0.000
160141440 0.000
364399399 0.001
398732845 0.000
270371510 0.000
350332540 0.670
250414425 0.114
270477578 0.357
10000077818 0.001
328223341 0.003
35745702 0.000
64033552 0.000
141412834 0.000
29989829 0.005
149973423 0.123
94943303 0.000
349158530 0.000
250410363 0.595
250411774 0.062
55648430 0.000
98755603 0.000
277978499 0.298
382379087 0.109
140139959 0.167
141806774 0.001
220461517 0.001
293271446 0.065
168698975 0.000
410447093 0.108
197809278 0.000
49872144 0.312
237923338 0.000
318930186 0.014
349641207 0.000
257636859 0.000
1112134 0.000
278383714 0.000
176984664 0.103
387585906 0.148
419955344 0.812
382201197 0.149
179034632 0.000
167602732 0.000
231090055 0.035
198079204 0.008
332825572 0.010
420001389 0.007
7688812 0.000
300865795 0.087
178349213 0.037
219400529 0.045
166804788 0.001
218987650 0.029
177237914 0.000
387463965 0.000
257642800 0.020
318929798 0.115
251107471 0.044
381975513 0.062
306827189 0.000
220473049 0.000
200783312 0.070
278179099 0.001
220037568 0.101
262608599 0.220
10002238158 0.138
38616610 0.163
382510870 0.640
250388966 0.013
10931356 0.151
35707957 0.004
170846858 0.000
177179708 0.116
270554981 0.000
382575967 0.050
423783953 0.000
328254566 0.000
259516312 0.035
142851663 0.123
425137549 0.156
219216038 0.000
274088422 0.000
23138570 0.108
35707777 0.564
93122929 0.000
387515251 0.148
347552147 0.448
350622185 0.000
77263549 0.085
349571411 0.038
439874961 0.280
206713499 0.000
93088627 0.241
318885514 0.144
365291742 0.036
150394868 0.040
260474194 0.003
368644231 0.207
381023946 0.704
220412068 0.000
365227919 0.947
387513421 0.000
141605814 0.001
381925753 0.000
167602738 0.000
219402897 0.000
422967053 0.024
120933788 0.000
453079623 0.721
38630165 0.054
358511981 0.000
4647229 0.050
340357696 0.000
332802400 0.106
89264271 0.287
260369509 0.000
423782037 0.000
280913180 0.000
350745215 0.000
358511979 0.000
149219451 0.000
270475673 0.001
35862800 0.081
92343451 0.512
41532262 0.057
161477408 0.001
149539826 0.000
141473947 0.001
270476346 0.000
260474885 0.000
55760805 0.000
160004025 0.026
142983162 0.391
98758975 0.001
23138566 0.071
270554477 0.070
141605799 0.002
349305592 0.000
387540317 0.016
382307323 0.007
121049487 0.002
146760769 0.000
167365448 0.002
23137502 0.064
328401921 0.001
250420910 0.064
388129971 0.210
150323305 0.031
318942861 0.086
33840016 0.074
168726017 0.128
251109789 0.327
12607331 0.126
122505536 0.002
300087039 0.000
294273601 0.000
270416218 0.425
278779186 0.000
293504070 0.110
364328010 0.000
142013583 0.000
177119554 0.113
168704088 0.000
89182166 0.004
7586485 0.134
358806647 0.000
55661154 0.003
328432536 0.438
270574948 0.001
49799894 0.000
4628031 0.001
23138567 0.068
300380697 0.112
410452640 0.005
341856301 0.001
31108070 0.000
220473052 0.000
231722666 0.004
38845712 0.018
166789143 0.000
278955728 0.000
289719066 0.000
300658132 0.000
419955322 0.218
178320219 0.000
91640651 0.000
387543694 0.368
179083339 0.010
419957009 0.167
300740043 0.034
176797769 0.000
259594407 0.086
306899512 0.000
